pID	|	s(R)	Img	s(Q)	|	s(Qnq)	coff	|	PCA	BF	BFi	Img	std
2340011-0	|	135	134	357	|	222	7.71	|	0.608	4.688	4.654	134	0.378
2340011-1	|	111	110	248	|	137	7.71	|	0.81	6.247	6.190	110	0.448
2340011-2	|	120	119	294	|	174	7.71	|	0.69	5.317	5.273	119	0.408
2340011-3	|	62	60	164	|	102	7.71	|	0.608	4.686	4.535	60	0.378
2340011-4	|	98	97	240	|	142	7.71	|	0.69	5.321	5.267	97	0.408
2340011-5	|	54	54	152	|	98	7.71	|	0.551	4.248	4.248	54	0.355
2340011-6	|	130	130	310	|	180	7.71	|	0.722	5.568	5.568	130	0.419
2340011-7	|	74	74	181	|	107	7.71	|	0.692	5.332	5.332	74	0.409
2340011-8	|	93	91	263	|	170	7.71	|	0.547	4.218	4.127	91	0.354
2340011-9	|	38	36	126	|	88	7.71	|	0.432	3.329	3.154	36	0.302
2340011-10	|	135	134	310	|	175	7.71	|	0.771	5.948	5.904	134	0.435
2340011-11	|	101	100	212	|	111	7.71	|	0.91	7.015	6.946	100	0.476
2340011-12	|	121	120	258	|	137	7.71	|	0.883	6.809	6.753	120	0.469
2340011-13	|	74	73	145	|	71	7.71	|	1.042	8.036	7.927	73	0.51
2340011-14	|	117	115	308	|	191	7.71	|	0.613	4.723	4.642	115	0.38
2340011-15	|	62	61	154	|	92	7.71	|	0.674	5.196	5.112	61	0.403
2340011-16	|	92	90	272	|	180	7.71	|	0.511	3.941	3.855	90	0.338
2340011-17	|	48	47	130	|	82	7.71	|	0.585	4.513	4.419	47	0.369
2340011-18	|	245	243	595	|	350	7.71	|	0.7	5.397	5.353	243	0.412
2340011-19	|	398	395	910	|	512	7.71	|	0.777	5.993	5.948	395	0.437
2340011-20	|	237	235	577	|	340	7.71	|	0.697	5.374	5.329	235	0.411
2340011-21	|	299	298	719	|	420	7.71	|	0.712	5.489	5.470	298	0.416
2340011-22	|	218	216	555	|	337	7.71	|	0.647	4.987	4.942	216	0.393
2340011-23	|	322	321	782	|	460	7.71	|	0.7	5.397	5.380	321	0.412
2340011-24	|	217	216	582	|	365	7.71	|	0.595	4.584	4.563	216	0.373
2340011-25	|	309	308	747	|	438	7.71	|	0.705	5.439	5.422	308	0.414
2340011-26	|	146	144	335	|	189	7.71	|	0.772	5.956	5.874	144	0.436
2340011-27	|	156	155	342	|	186	7.71	|	0.839	6.466	6.425	155	0.456
2340011-28	|	101	101	458	|	247	7.71	|	0.409	3.153	3.153	101	0.221
2340011-29	|	51	51	232	|	113	7.71	|	0.451	3.48	3.480	51	0.22
2340011-30	|	85	85	446	|	252	7.71	|	0.337	2.601	2.601	85	0.191
2340011-31	|	42	42	190	|	106	7.71	|	0.396	3.055	3.055	42	0.221
2340011-32	|	58	58	263	|	134	7.71	|	0.433	3.337	3.337	58	0.221
2340011-33	|	27	27	133	|	72	7.71	|	0.375	2.891	2.891	27	0.203
2340011-34	|	92	92	494	|	289	7.71	|	0.318	2.454	2.454	92	0.186
2340011-35	|	51	51	239	|	130	7.71	|	0.392	3.025	3.025	51	0.213
2340011-36	|	74	74	386	|	225	7.71	|	0.329	2.536	2.536	74	0.192
2340011-37	|	33	33	149	|	85	7.71	|	0.388	2.993	2.993	33	0.221
2340011-38	|	92	92	596	|	355	7.71	|	0.259	1.998	1.998	92	0.154
2340011-39	|	54	54	352	|	209	7.71	|	0.258	1.992	1.992	54	0.153
2340011-40	|	90	90	460	|	268	7.71	|	0.336	2.589	2.589	90	0.196
2340011-41	|	42	42	238	|	136	7.71	|	0.309	2.381	2.381	42	0.176
2340011-42	|	72	72	409	|	232	7.71	|	0.31	2.393	2.393	72	0.176
2340011-43	|	33	32	206	|	115	7.71	|	0.287	2.212	2.145	32	0.16
2340011-44	|	75	75	390	|	226	7.71	|	0.332	2.559	2.559	75	0.192
2340011-45	|	45	45	166	|	87	7.71	|	0.517	3.988	3.988	45	0.271
2340011-46	|	173	173	1091	|	646	7.71	|	0.268	2.065	2.065	173	0.159
2340011-47	|	233	233	905	|	535	7.71	|	0.436	3.358	3.358	233	0.257
2340011-48	|	154	154	877	|	515	7.71	|	0.299	2.305	2.305	154	0.176
2340011-49	|	160	160	884	|	523	7.71	|	0.306	2.359	2.359	160	0.181
2340011-50	|	164	164	932	|	547	7.71	|	0.3	2.312	2.312	164	0.176
2340011-51	|	189	189	1038	|	596	7.71	|	0.317	2.445	2.445	189	0.182
2340011-52	|	168	168	959	|	567	7.71	|	0.296	2.284	2.284	168	0.175
2340011-53	|	189	189	1137	|	684	7.71	|	0.276	2.13	2.130	189	0.166
2340011-54	|	121	121	811	|	501	7.71	|	0.242	1.862	1.862	121	0.149
2340011-55	|	96	96	717	|	466	7.71	|	0.206	1.588	1.588	96	0.134
2340011-56	|	61	61	282	|	154	7.71	|	0.396	3.054	3.054	61	0.216
2340011-57	|	45	45	192	|	106	7.71	|	0.425	3.273	3.273	45	0.234
2340011-58	|	52	52	282	|	169	7.71	|	0.308	2.372	2.372	52	0.184
2340011-59	|	51	51	233	|	130	7.71	|	0.392	3.025	3.025	51	0.219
2340011-60	|	50	49	222	|	121	7.71	|	0.413	3.186	3.122	49	0.225
2340011-61	|	34	34	149	|	84	7.71	|	0.405	3.121	3.121	34	0.228
2340011-62	|	52	51	275	|	157	7.71	|	0.331	2.554	2.504	51	0.189
2340011-63	|	33	33	167	|	94	7.71	|	0.351	2.707	2.707	33	0.198
2340011-64	|	43	43	233	|	136	7.71	|	0.316	2.438	2.438	43	0.185
2340011-65	|	24	24	133	|	81	7.71	|	0.296	2.284	2.284	24	0.18
2340011-66	|	53	53	230	|	119	7.71	|	0.445	3.434	3.434	53	0.23
2340011-67	|	43	43	203	|	111	7.71	|	0.387	2.987	2.987	43	0.212
2340011-68	|	46	46	232	|	132	7.71	|	0.348	2.687	2.687	46	0.198
2340011-69	|	26	26	136	|	76	7.71	|	0.342	2.638	2.638	26	0.191
2340011-70	|	42	42	224	|	128	7.71	|	0.328	2.53	2.530	42	0.188
2340011-71	|	20	20	122	|	74	7.71	|	0.27	2.084	2.084	20	0.164
2340011-72	|	41	41	237	|	142	7.71	|	0.289	2.226	2.226	41	0.173
2340011-73	|	36	36	148	|	75	7.71	|	0.48	3.701	3.701	36	0.243
2340011-74	|	89	89	455	|	259	7.71	|	0.344	2.649	2.649	89	0.196
2340011-75	|	145	145	803	|	480	7.71	|	0.302	2.329	2.329	145	0.181
2340011-76	|	82	82	444	|	262	7.71	|	0.313	2.413	2.413	82	0.185
2340011-77	|	126	126	648	|	379	7.71	|	0.332	2.563	2.563	126	0.194
2340011-78	|	92	92	487	|	286	7.71	|	0.322	2.48	2.480	92	0.189
2340011-79	|	127	127	730	|	433	7.71	|	0.293	2.261	2.261	127	0.174
2340011-80	|	87	87	448	|	264	7.71	|	0.33	2.541	2.541	87	0.194
2340011-81	|	131	131	719	|	421	7.71	|	0.311	2.399	2.399	131	0.182
2340011-82	|	51	51	282	|	172	7.71	|	0.297	2.286	2.286	51	0.181
2340011-83	|	67	67	341	|	205	7.71	|	0.327	2.52	2.520	67	0.196
2340011-84	|	32	31	302	|	166	7.71	|	0.193	1.486	1.440	31	0.106
2340011-85	|	20	20	139	|	71	7.71	|	0.282	2.172	2.172	20	0.144
2340011-86	|	30	30	306	|	177	7.71	|	0.169	1.307	1.307	30	0.098
2340011-87	|	20	20	133	|	78	7.71	|	0.256	1.977	1.977	20	0.15
2340011-88	|	32	32	276	|	159	7.71	|	0.201	1.552	1.552	32	0.116
2340011-89	|	16	16	133	|	78	7.71	|	0.205	1.581	1.581	16	0.12
2340011-90	|	24	23	258	|	155	7.71	|	0.155	1.194	1.144	23	0.093
2340011-91	|	13	13	117	|	67	7.71	|	0.194	1.496	1.496	13	0.111
2340011-92	|	23	22	249	|	144	7.71	|	0.16	1.231	1.178	22	0.092
2340011-93	|	7	7	101	|	59	7.71	|	0.119	0.915	0.915	7	0.069
2340011-94	|	18	18	206	|	120	7.71	|	0.15	1.156	1.156	18	0.087
2340011-95	|	12	12	92	|	51	7.71	|	0.235	1.814	1.814	12	0.13
2340011-96	|	20	20	222	|	141	7.71	|	0.142	1.094	1.094	20	0.09
2340011-97	|	10	10	92	|	52	7.71	|	0.192	1.483	1.483	10	0.109
2340011-98	|	29	29	240	|	130	7.71	|	0.223	1.72	1.720	29	0.121
2340011-99	|	6	6	86	|	52	7.71	|	0.115	0.89	0.890	6	0.07
2340011-100	|	28	28	263	|	164	7.71	|	0.171	1.316	1.316	28	0.106
2340011-101	|	10	10	109	|	72	7.71	|	0.139	1.071	1.071	10	0.092
2340011-102	|	67	67	576	|	326	7.71	|	0.206	1.585	1.585	67	0.116
2340011-103	|	56	56	594	|	355	7.71	|	0.158	1.216	1.216	56	0.094
2340011-104	|	51	51	581	|	341	7.71	|	0.15	1.153	1.153	51	0.088
2340011-105	|	51	51	591	|	355	7.71	|	0.144	1.108	1.108	51	0.086
2340011-106	|	58	57	593	|	340	7.71	|	0.171	1.315	1.293	57	0.098
2340011-107	|	54	53	596	|	338	7.71	|	0.16	1.232	1.209	53	0.091
2340011-108	|	62	62	555	|	322	7.71	|	0.193	1.484	1.484	62	0.112
2340011-109	|	56	56	527	|	314	7.71	|	0.178	1.375	1.375	56	0.106
2340011-110	|	30	29	315	|	187	7.71	|	0.16	1.237	1.196	29	0.095
2340011-111	|	24	23	196	|	124	7.71	|	0.194	1.492	1.430	23	0.122
2340011-112	|	69	69	295	|	144	7.71	|	0.479	3.694	3.694	69	0.234
2340011-113	|	55	55	193	|	82	7.71	|	0.671	5.171	5.171	55	0.285
2340011-114	|	76	75	351	|	170	7.71	|	0.447	3.447	3.401	75	0.217
2340011-115	|	63	63	271	|	134	7.71	|	0.47	3.625	3.625	63	0.232
2340011-116	|	57	57	279	|	135	7.71	|	0.422	3.255	3.255	57	0.204
2340011-117	|	33	33	147	|	68	7.71	|	0.485	3.742	3.742	33	0.224
2340011-118	|	43	43	193	|	103	7.71	|	0.417	3.219	3.219	43	0.223
2340011-119	|	31	31	122	|	64	7.71	|	0.484	3.734	3.734	31	0.254
2340011-120	|	48	48	255	|	133	7.71	|	0.361	2.782	2.782	48	0.188
2340011-121	|	19	18	129	|	70	7.71	|	0.271	2.093	1.983	18	0.147
2340011-122	|	59	59	290	|	154	7.71	|	0.383	2.954	2.954	59	0.203
2340011-123	|	61	61	236	|	113	7.71	|	0.54	4.162	4.162	61	0.258
2340011-124	|	54	54	288	|	150	7.71	|	0.36	2.776	2.776	54	0.188
2340011-125	|	37	37	181	|	85	7.71	|	0.435	3.356	3.356	37	0.204
2340011-126	|	56	56	274	|	141	7.71	|	0.397	3.062	3.062	56	0.204
2340011-127	|	34	33	143	|	66	7.71	|	0.515	3.972	3.855	33	0.238
2340011-128	|	48	48	267	|	135	7.71	|	0.356	2.741	2.741	48	0.18
2340011-129	|	34	34	140	|	71	7.71	|	0.479	3.692	3.692	34	0.243
2340011-130	|	105	104	599	|	325	7.71	|	0.323	2.491	2.467	104	0.175
2340011-131	|	186	186	1001	|	517	7.71	|	0.36	2.774	2.774	186	0.186
2340011-132	|	92	92	527	|	269	7.71	|	0.342	2.637	2.637	92	0.175
2340011-133	|	164	164	730	|	369	7.71	|	0.444	3.427	3.427	164	0.225
2340011-134	|	105	105	559	|	286	7.71	|	0.367	2.831	2.831	105	0.188
2340011-135	|	164	164	784	|	400	7.71	|	0.41	3.161	3.161	164	0.209
2340011-136	|	103	103	569	|	296	7.71	|	0.348	2.683	2.683	103	0.181
2340011-137	|	159	159	808	|	401	7.71	|	0.397	3.057	3.057	159	0.197
2340011-138	|	74	73	392	|	208	7.71	|	0.356	2.743	2.706	73	0.189
2340011-139	|	83	83	420	|	228	7.71	|	0.364	2.807	2.807	83	0.198
2340011-140	|	45	45	223	|	117	7.71	|	0.385	2.965	2.965	45	0.202
2340011-141	|	42	42	168	|	91	7.71	|	0.462	3.558	3.558	42	0.25
2340011-142	|	52	52	231	|	117	7.71	|	0.444	3.427	3.427	52	0.225
2340011-143	|	56	56	189	|	93	7.71	|	0.602	4.642	4.642	56	0.296
2340011-144	|	41	41	209	|	114	7.71	|	0.36	2.773	2.773	41	0.196
2340011-145	|	32	32	134	|	64	7.71	|	0.5	3.855	3.855	32	0.239
2340011-146	|	38	38	178	|	95	7.71	|	0.4	3.084	3.084	38	0.213
2340011-147	|	26	26	141	|	84	7.71	|	0.31	2.386	2.386	26	0.184
2340011-148	|	50	50	213	|	109	7.71	|	0.459	3.537	3.537	50	0.235
2340011-149	|	35	35	153	|	87	7.71	|	0.402	3.102	3.102	35	0.229
2340011-150	|	38	38	173	|	89	7.71	|	0.427	3.292	3.292	38	0.22
2340011-151	|	31	31	158	|	91	7.71	|	0.341	2.626	2.626	31	0.196
2340011-152	|	36	35	173	|	88	7.71	|	0.409	3.154	3.066	35	0.208
2340011-153	|	25	25	118	|	56	7.71	|	0.446	3.442	3.442	25	0.212
2340011-154	|	35	35	157	|	79	7.71	|	0.443	3.416	3.416	35	0.223
2340011-155	|	26	26	109	|	62	7.71	|	0.419	3.233	3.233	26	0.239
2340011-156	|	34	34	183	|	99	7.71	|	0.343	2.648	2.648	34	0.186
2340011-157	|	29	28	127	|	59	7.71	|	0.492	3.79	3.659	28	0.228
2340011-158	|	74	74	394	|	219	7.71	|	0.338	2.605	2.605	74	0.188
2340011-159	|	147	147	705	|	402	7.71	|	0.366	2.819	2.819	147	0.209
2340011-160	|	73	73	375	|	203	7.71	|	0.36	2.772	2.772	73	0.195
2340011-161	|	112	112	552	|	315	7.71	|	0.356	2.741	2.741	112	0.203
2340011-162	|	76	76	388	|	212	7.71	|	0.358	2.764	2.764	76	0.196
2340011-163	|	122	122	631	|	358	7.71	|	0.341	2.627	2.627	122	0.193
2340011-164	|	74	74	356	|	201	7.71	|	0.368	2.838	2.838	74	0.208
2340011-165	|	117	117	577	|	328	7.71	|	0.357	2.75	2.750	117	0.203
2340011-166	|	48	48	229	|	123	7.71	|	0.39	3.009	3.009	48	0.21
2340011-167	|	61	61	268	|	155	7.71	|	0.394	3.034	3.034	61	0.228
2340011-168	|	63	62	402	|	228	7.71	|	0.276	2.13	2.097	62	0.157
2340011-169	|	41	40	208	|	119	7.71	|	0.345	2.656	2.592	40	0.197
2340011-170	|	64	63	559	|	329	7.71	|	0.195	1.5	1.476	63	0.114
2340011-171	|	38	37	364	|	233	7.71	|	0.163	1.257	1.224	37	0.104
2340011-172	|	48	47	359	|	214	7.71	|	0.224	1.729	1.693	47	0.134
2340011-173	|	31	30	171	|	96	7.71	|	0.323	2.49	2.409	30	0.181
2340011-174	|	20	19	186	|	123	7.71	|	0.163	1.254	1.191	19	0.108
2340011-175	|	14	14	104	|	57	7.71	|	0.246	1.894	1.894	14	0.135
2340011-176	|	50	50	430	|	264	7.71	|	0.189	1.46	1.460	50	0.116
2340011-177	|	34	34	213	|	119	7.71	|	0.286	2.203	2.203	34	0.16
2340011-178	|	46	46	335	|	197	7.71	|	0.234	1.8	1.800	46	0.137
2340011-179	|	19	19	120	|	71	7.71	|	0.268	2.063	2.063	19	0.158
2340011-180	|	56	55	482	|	286	7.71	|	0.196	1.51	1.483	55	0.116
2340011-181	|	34	33	274	|	158	7.71	|	0.215	1.659	1.610	33	0.124
2340011-182	|	51	50	379	|	222	7.71	|	0.23	1.771	1.736	50	0.135
2340011-183	|	28	27	179	|	103	7.71	|	0.272	2.096	2.021	27	0.156
2340011-184	|	39	39	380	|	229	7.71	|	0.17	1.313	1.313	39	0.103
2340011-185	|	22	22	147	|	85	7.71	|	0.259	1.995	1.995	22	0.15
2340011-186	|	112	111	986	|	582	7.71	|	0.192	1.484	1.470	111	0.114
2340011-187	|	171	170	1053	|	618	7.71	|	0.277	2.133	2.121	170	0.162
2340011-188	|	102	101	820	|	481	7.71	|	0.212	1.635	1.619	101	0.124
2340011-189	|	122	121	954	|	559	7.71	|	0.218	1.683	1.669	121	0.128
2340011-190	|	94	93	830	|	491	7.71	|	0.191	1.476	1.460	93	0.113
2340011-191	|	123	122	1022	|	611	7.71	|	0.201	1.552	1.539	122	0.12
2340011-192	|	108	107	873	|	524	7.71	|	0.206	1.589	1.574	107	0.124
2340011-193	|	133	132	1122	|	678	7.71	|	0.196	1.512	1.501	132	0.119
2340011-194	|	87	87	726	|	430	7.71	|	0.202	1.56	1.560	87	0.12
2340011-195	|	75	75	724	|	441	7.71	|	0.17	1.311	1.311	75	0.104
2340011-196	|	42	42	340	|	194	7.71	|	0.216	1.669	1.669	42	0.124
2340011-197	|	27	27	179	|	104	7.71	|	0.26	2.002	2.002	27	0.151
2340011-198	|	45	45	410	|	244	7.71	|	0.184	1.422	1.422	45	0.11
2340011-199	|	31	31	255	|	156	7.71	|	0.199	1.532	1.532	31	0.122
2340011-200	|	27	27	312	|	187	7.71	|	0.144	1.113	1.113	27	0.087
2340011-201	|	13	13	144	|	80	7.71	|	0.163	1.253	1.253	13	0.09
2340011-202	|	23	23	194	|	113	7.71	|	0.204	1.569	1.569	23	0.119
2340011-203	|	16	16	109	|	60	7.71	|	0.267	2.056	2.056	16	0.147
2340011-204	|	34	34	346	|	203	7.71	|	0.167	1.291	1.291	34	0.098
2340011-205	|	24	24	202	|	114	7.71	|	0.211	1.623	1.623	24	0.119
2340011-206	|	23	23	295	|	179	7.71	|	0.128	0.991	0.991	23	0.078
2340011-207	|	5	5	108	|	63	7.71	|	0.079	0.612	0.612	5	0.046
2340011-208	|	44	44	436	|	256	7.71	|	0.172	1.325	1.325	44	0.101
2340011-209	|	40	40	307	|	170	7.71	|	0.235	1.814	1.814	40	0.13
2340011-210	|	34	34	323	|	184	7.71	|	0.185	1.425	1.425	34	0.105
2340011-211	|	22	22	185	|	107	7.71	|	0.206	1.585	1.585	22	0.119
2340011-212	|	26	26	287	|	174	7.71	|	0.149	1.152	1.152	26	0.091
2340011-213	|	11	11	136	|	83	7.71	|	0.133	1.022	1.022	11	0.081
2340011-214	|	82	82	771	|	445	7.71	|	0.184	1.421	1.421	82	0.106
2340011-215	|	129	129	1215	|	732	7.71	|	0.176	1.359	1.359	129	0.106
2340011-216	|	74	74	673	|	395	7.71	|	0.187	1.444	1.444	74	0.11
2340011-217	|	87	87	821	|	486	7.71	|	0.179	1.38	1.380	87	0.106
2340011-218	|	72	72	683	|	400	7.71	|	0.18	1.388	1.388	72	0.105
2340011-219	|	90	90	886	|	528	7.71	|	0.17	1.314	1.314	90	0.102
2340011-220	|	73	73	698	|	410	7.71	|	0.178	1.373	1.373	73	0.105
2340011-221	|	99	99	929	|	552	7.71	|	0.179	1.383	1.383	99	0.107
2340011-222	|	53	52	562	|	337	7.71	|	0.157	1.213	1.190	52	0.094
2340011-223	|	57	56	590	|	368	7.71	|	0.155	1.194	1.173	56	0.097
2340011-224	|	50	50	258	|	149	7.71	|	0.336	2.587	2.587	50	0.194
2340011-225	|	44	44	193	|	96	7.71	|	0.458	3.534	3.534	44	0.228
2340011-226	|	57	56	293	|	174	7.71	|	0.328	2.526	2.481	56	0.195
2340011-227	|	45	45	208	|	113	7.71	|	0.398	3.07	3.070	45	0.216
2340011-228	|	48	48	223	|	122	7.71	|	0.393	3.033	3.033	48	0.215
2340011-229	|	25	25	131	|	72	7.71	|	0.347	2.677	2.677	25	0.191
2340011-230	|	34	34	169	|	103	7.71	|	0.33	2.545	2.545	34	0.201
2340011-231	|	19	19	111	|	63	7.71	|	0.302	2.325	2.325	19	0.171
2340011-232	|	52	52	263	|	154	7.71	|	0.338	2.603	2.603	52	0.198
2340011-233	|	39	39	168	|	82	7.71	|	0.476	3.667	3.667	39	0.232
2340011-234	|	36	36	211	|	126	7.71	|	0.286	2.203	2.203	36	0.171
2340011-235	|	19	19	96	|	52	7.71	|	0.365	2.817	2.817	19	0.198
2340011-236	|	52	51	240	|	132	7.71	|	0.394	3.037	2.979	51	0.217
2340011-237	|	47	47	201	|	97	7.71	|	0.485	3.736	3.736	47	0.234
2340011-238	|	51	51	246	|	135	7.71	|	0.378	2.913	2.913	51	0.207
2340011-239	|	31	31	163	|	89	7.71	|	0.348	2.685	2.685	31	0.19
2340011-240	|	45	45	237	|	133	7.71	|	0.338	2.609	2.609	45	0.19
2340011-241	|	26	26	104	|	52	7.71	|	0.5	3.855	3.855	26	0.25
2340011-242	|	85	85	485	|	286	7.71	|	0.297	2.291	2.291	85	0.175
2340011-243	|	152	151	863	|	505	7.71	|	0.301	2.321	2.305	151	0.176
2340011-244	|	77	76	449	|	258	7.71	|	0.298	2.301	2.271	76	0.171
2340011-245	|	125	124	675	|	391	7.71	|	0.32	2.465	2.445	124	0.185
2340011-246	|	74	73	450	|	266	7.71	|	0.278	2.145	2.116	73	0.164
2340011-247	|	120	120	717	|	410	7.71	|	0.293	2.257	2.257	120	0.167
2340011-248	|	83	83	471	|	280	7.71	|	0.296	2.285	2.285	83	0.176
2340011-249	|	128	127	719	|	419	7.71	|	0.305	2.355	2.337	127	0.178
2340011-250	|	53	52	310	|	180	7.71	|	0.294	2.27	2.227	52	0.171
2340011-251	|	77	76	403	|	231	7.71	|	0.333	2.57	2.537	76	0.191
2340011-252	|	37	37	203	|	113	7.71	|	0.327	2.524	2.524	37	0.182
2340011-253	|	41	41	154	|	70	7.71	|	0.586	4.516	4.516	41	0.266
2340011-254	|	47	47	230	|	131	7.71	|	0.359	2.766	2.766	47	0.204
2340011-255	|	47	47	188	|	103	7.71	|	0.456	3.518	3.518	47	0.25
2340011-256	|	35	35	180	|	97	7.71	|	0.361	2.782	2.782	35	0.194
2340011-257	|	28	28	127	|	67	7.71	|	0.418	3.222	3.222	28	0.22
2340011-258	|	25	25	152	|	89	7.71	|	0.281	2.166	2.166	25	0.164
2340011-259	|	21	21	104	|	54	7.71	|	0.389	2.998	2.998	21	0.202
2340011-260	|	38	38	204	|	108	7.71	|	0.352	2.713	2.713	38	0.186
2340011-261	|	34	34	144	|	77	7.71	|	0.442	3.404	3.404	34	0.236
2340011-262	|	33	33	176	|	97	7.71	|	0.34	2.623	2.623	33	0.188
2340011-263	|	21	20	116	|	67	7.71	|	0.313	2.417	2.301	20	0.181
2340011-264	|	36	36	194	|	101	7.71	|	0.356	2.748	2.748	36	0.186
2340011-265	|	37	37	165	|	97	7.71	|	0.381	2.941	2.941	37	0.224
2340011-266	|	39	39	174	|	81	7.71	|	0.481	3.712	3.712	39	0.224
2340011-267	|	28	28	123	|	56	7.71	|	0.5	3.855	3.855	28	0.228
2340011-268	|	33	33	176	|	99	7.71	|	0.333	2.57	2.570	33	0.188
2340011-269	|	17	16	114	|	70	7.71	|	0.243	1.872	1.762	16	0.149
2340011-270	|	63	63	380	|	217	7.71	|	0.29	2.238	2.238	63	0.166
2340011-271	|	143	143	741	|	414	7.71	|	0.345	2.663	2.663	143	0.193
2340011-272	|	67	67	378	|	217	7.71	|	0.309	2.38	2.380	67	0.177
2340011-273	|	113	113	583	|	333	7.71	|	0.339	2.616	2.616	113	0.194
2340011-274	|	68	68	384	|	218	7.71	|	0.312	2.405	2.405	68	0.177
2340011-275	|	112	112	643	|	361	7.71	|	0.31	2.392	2.392	112	0.174
2340011-276	|	66	66	379	|	218	7.71	|	0.303	2.334	2.334	66	0.174
2340011-277	|	118	118	619	|	355	7.71	|	0.332	2.563	2.563	118	0.191
2340011-278	|	40	40	235	|	134	7.71	|	0.299	2.301	2.301	40	0.17
2340011-279	|	50	50	243	|	140	7.71	|	0.357	2.754	2.754	50	0.206
2340011-280	|	244	243	2464	|	1435	7.71	|	0.17	1.311	1.306	243	0.099
2340011-281	|	96	95	684	|	364	7.71	|	0.264	2.033	2.012	95	0.14
2340011-282	|	289	288	3290	|	1956	7.71	|	0.148	1.139	1.135	288	0.088
2340011-283	|	116	116	1308	|	784	7.71	|	0.148	1.141	1.141	116	0.089
2340011-284	|	206	205	2270	|	1356	7.71	|	0.152	1.171	1.166	205	0.091
2340011-285	|	58	57	573	|	338	7.71	|	0.172	1.323	1.300	57	0.101
2340011-286	|	158	158	1473	|	877	7.71	|	0.18	1.389	1.389	158	0.107
2340011-287	|	54	54	434	|	256	7.71	|	0.211	1.626	1.626	54	0.124
2340011-288	|	222	222	2633	|	1578	7.71	|	0.141	1.085	1.085	222	0.084
2340011-289	|	81	81	736	|	415	7.71	|	0.195	1.505	1.505	81	0.11
2340011-290	|	173	173	2086	|	1262	7.71	|	0.137	1.057	1.057	173	0.083
2340011-291	|	51	51	457	|	257	7.71	|	0.198	1.53	1.530	51	0.112
2340011-292	|	282	281	3163	|	1855	7.71	|	0.152	1.172	1.168	281	0.089
2340011-293	|	132	131	1393	|	827	7.71	|	0.16	1.231	1.221	131	0.095
2340011-294	|	241	240	3029	|	1827	7.71	|	0.132	1.017	1.013	240	0.08
2340011-295	|	76	75	1038	|	630	7.71	|	0.121	0.93	0.918	75	0.073
2340011-296	|	206	206	2413	|	1406	7.71	|	0.147	1.13	1.130	206	0.085
2340011-297	|	65	65	642	|	378	7.71	|	0.172	1.326	1.326	65	0.101
2340011-298	|	177	177	2153	|	1307	7.71	|	0.135	1.044	1.044	177	0.082
2340011-299	|	61	61	515	|	304	7.71	|	0.201	1.547	1.547	61	0.118
2340011-300	|	429	428	2896	|	1745	7.71	|	0.246	1.895	1.891	428	0.148
2340011-301	|	315	314	1806	|	1104	7.71	|	0.285	2.2	2.193	314	0.174
2340011-302	|	449	448	2929	|	1759	7.71	|	0.255	1.968	1.964	448	0.153
2340011-303	|	320	319	1743	|	1066	7.71	|	0.3	2.314	2.307	319	0.184
2340011-304	|	469	468	2952	|	1776	7.71	|	0.264	2.036	2.032	468	0.159
2340011-305	|	332	331	1726	|	1030	7.71	|	0.322	2.485	2.478	331	0.192
2340011-306	|	323	323	2933	|	1816	7.71	|	0.178	1.371	1.371	323	0.11
2340011-307	|	157	156	2161	|	1331	7.71	|	0.118	0.909	0.904	156	0.073
2340011-308	|	165	164	1595	|	968	7.71	|	0.17	1.314	1.306	164	0.103
2340011-309	|	65	64	517	|	308	7.71	|	0.211	1.627	1.602	64	0.126
2340011-310	|	183	182	1833	|	1134	7.71	|	0.161	1.244	1.237	182	0.1
2340011-311	|	73	73	691	|	424	7.71	|	0.172	1.327	1.327	73	0.106
2340011-312	|	152	151	1511	|	951	7.71	|	0.16	1.232	1.224	151	0.101
2340011-313	|	46	46	429	|	263	7.71	|	0.175	1.348	1.348	46	0.107
2340011-314	|	131	130	1293	|	797	7.71	|	0.164	1.267	1.258	130	0.101
2340011-315	|	55	55	481	|	299	7.71	|	0.184	1.418	1.418	55	0.114
2340011-316	|	146	146	1606	|	1009	7.71	|	0.145	1.116	1.116	146	0.091
2340011-317	|	54	54	530	|	335	7.71	|	0.161	1.243	1.243	54	0.102
2340011-318	|	128	128	1410	|	873	7.71	|	0.147	1.13	1.130	128	0.091
2340011-319	|	39	39	384	|	235	7.71	|	0.166	1.28	1.280	39	0.102
2340011-320	|	169	168	1835	|	1135	7.71	|	0.149	1.148	1.141	168	0.092
2340011-321	|	75	74	718	|	447	7.71	|	0.168	1.294	1.276	74	0.104
2340011-322	|	154	153	1751	|	1095	7.71	|	0.141	1.084	1.077	153	0.088
2340011-323	|	51	50	615	|	402	7.71	|	0.127	0.978	0.959	50	0.083
2340011-324	|	162	162	1618	|	1004	7.71	|	0.161	1.244	1.244	162	0.1
2340011-325	|	47	46	497	|	312	7.71	|	0.151	1.161	1.137	46	0.095
2340011-326	|	134	134	1468	|	906	7.71	|	0.148	1.14	1.140	134	0.091
2340011-327	|	42	42	380	|	237	7.71	|	0.177	1.366	1.366	42	0.111
2340011-328	|	335	334	2882	|	1801	7.71	|	0.186	1.434	1.430	334	0.116
2340011-329	|	290	289	1110	|	693	7.71	|	0.418	3.226	3.215	289	0.261
2340011-330	|	311	310	3013	|	1889	7.71	|	0.165	1.269	1.265	310	0.103
2340011-331	|	249	248	1603	|	1009	7.71	|	0.247	1.903	1.895	248	0.155
2340011-332	|	313	312	3063	|	1895	7.71	|	0.165	1.273	1.269	312	0.102
2340011-333	|	249	248	1745	|	1091	7.71	|	0.228	1.76	1.753	248	0.143
2340011-334	|	198	198	2461	|	1552	7.71	|	0.128	0.984	0.984	198	0.08
2340011-335	|	109	109	1514	|	993	7.71	|	0.11	0.846	0.846	109	0.072
2340011-336	|	200	200	1816	|	1106	7.71	|	0.181	1.394	1.394	200	0.11
2340011-337	|	91	91	561	|	312	7.71	|	0.292	2.249	2.249	91	0.162
2340011-338	|	218	218	2136	|	1345	7.71	|	0.162	1.25	1.250	218	0.102
2340011-339	|	94	94	805	|	507	7.71	|	0.185	1.429	1.429	94	0.117
2340011-340	|	182	182	1720	|	1074	7.71	|	0.169	1.307	1.307	182	0.106
2340011-341	|	54	54	437	|	267	7.71	|	0.202	1.559	1.559	54	0.124
2340011-342	|	151	151	1393	|	875	7.71	|	0.173	1.33	1.330	151	0.108
2340011-343	|	53	53	443	|	269	7.71	|	0.197	1.519	1.519	53	0.12
2340011-344	|	186	186	1836	|	1131	7.71	|	0.164	1.268	1.268	186	0.101
2340011-345	|	68	68	547	|	336	7.71	|	0.202	1.56	1.560	68	0.124
2340011-346	|	152	152	1521	|	945	7.71	|	0.161	1.24	1.240	152	0.1
2340011-347	|	45	45	376	|	229	7.71	|	0.197	1.515	1.515	45	0.12
2340011-348	|	212	212	2035	|	1228	7.71	|	0.173	1.331	1.331	212	0.104
2340011-349	|	91	91	782	|	480	7.71	|	0.19	1.462	1.462	91	0.116
2340011-350	|	184	184	1882	|	1182	7.71	|	0.156	1.2	1.200	184	0.098
2340011-351	|	56	56	645	|	420	7.71	|	0.133	1.028	1.028	56	0.087
2340011-352	|	176	176	1658	|	1006	7.71	|	0.175	1.349	1.349	176	0.106
2340011-353	|	64	64	516	|	317	7.71	|	0.202	1.557	1.557	64	0.124
2340011-354	|	161	161	1651	|	1041	7.71	|	0.155	1.192	1.192	161	0.098
2340011-355	|	51	51	445	|	279	7.71	|	0.183	1.409	1.409	51	0.115
2340011-356	|	398	398	2940	|	1818	7.71	|	0.219	1.688	1.688	398	0.135
2340011-357	|	343	343	1041	|	640	7.71	|	0.536	4.132	4.132	343	0.329
2340011-358	|	370	370	3122	|	1927	7.71	|	0.192	1.48	1.480	370	0.119
2340011-359	|	274	274	1762	|	1090	7.71	|	0.251	1.938	1.938	274	0.156
2340011-360	|	384	384	3046	|	1883	7.71	|	0.204	1.572	1.572	384	0.126
2340011-361	|	291	291	1354	|	835	7.71	|	0.349	2.687	2.687	291	0.215
2340011-362	|	247	247	2691	|	1689	7.71	|	0.146	1.127	1.127	247	0.092
2340011-363	|	136	135	1576	|	1022	7.71	|	0.133	1.026	1.018	135	0.086
2340011-364	|	194	193	1741	|	1004	7.71	|	0.193	1.49	1.482	193	0.111
2340011-365	|	86	85	563	|	310	7.71	|	0.277	2.139	2.114	85	0.153
2340011-366	|	226	225	2235	|	1339	7.71	|	0.169	1.301	1.296	225	0.101
2340011-367	|	101	101	905	|	536	7.71	|	0.188	1.453	1.453	101	0.112
2340011-368	|	186	185	1619	|	960	7.71	|	0.194	1.494	1.486	185	0.115
2340011-369	|	62	62	477	|	268	7.71	|	0.231	1.784	1.784	62	0.13
2340011-370	|	135	134	1148	|	686	7.71	|	0.197	1.517	1.506	134	0.118
2340011-371	|	60	60	414	|	239	7.71	|	0.251	1.936	1.936	60	0.145
2340011-372	|	165	165	1821	|	1091	7.71	|	0.151	1.166	1.166	165	0.091
2340011-373	|	66	66	572	|	331	7.71	|	0.199	1.537	1.537	66	0.115
2340011-374	|	154	154	1449	|	860	7.71	|	0.179	1.381	1.381	154	0.106
2340011-375	|	49	49	375	|	210	7.71	|	0.233	1.799	1.799	49	0.131
2340011-376	|	224	223	2240	|	1336	7.71	|	0.168	1.293	1.287	223	0.1
2340011-377	|	103	102	918	|	537	7.71	|	0.192	1.479	1.464	102	0.112
2340011-378	|	175	174	1982	|	1198	7.71	|	0.146	1.126	1.120	174	0.088
2340011-379	|	63	62	741	|	464	7.71	|	0.136	1.047	1.030	62	0.085
2340011-380	|	164	164	1738	|	1028	7.71	|	0.16	1.23	1.230	164	0.094
2340011-381	|	61	61	547	|	325	7.71	|	0.188	1.447	1.447	61	0.112
2340011-382	|	158	158	1530	|	898	7.71	|	0.176	1.357	1.357	158	0.103
2340011-383	|	56	56	422	|	236	7.71	|	0.237	1.829	1.829	56	0.133
2340011-384	|	402	401	2905	|	1736	7.71	|	0.232	1.785	1.781	401	0.138
2340011-385	|	362	360	1041	|	619	7.71	|	0.585	4.509	4.484	360	0.348
2340011-386	|	342	341	2929	|	1768	7.71	|	0.193	1.491	1.487	341	0.117
2340011-387	|	268	266	1773	|	1037	7.71	|	0.258	1.993	1.978	266	0.151
2340011-388	|	354	353	2971	|	1769	7.71	|	0.2	1.543	1.538	353	0.119
2340011-389	|	284	282	1632	|	953	7.71	|	0.298	2.298	2.281	282	0.174
2340011-390	|	262	262	2920	|	1781	7.71	|	0.147	1.134	1.134	262	0.09
2340011-391	|	143	142	1802	|	1164	7.71	|	0.123	0.947	0.941	142	0.079
2340011-392	|	70	70	930	|	860	7.71	|	0.081	0.628	0.628	70	0.075
2340011-393	|	29	29	264	|	235	7.71	|	0.123	0.951	0.951	29	0.11
2340011-394	|	106	106	1617	|	1511	7.71	|	0.07	0.541	0.541	106	0.066
2340011-395	|	57	57	718	|	661	7.71	|	0.086	0.665	0.665	57	0.079
2340011-396	|	62	62	931	|	869	7.71	|	0.071	0.55	0.550	62	0.067
2340011-397	|	24	24	237	|	213	7.71	|	0.113	0.869	0.869	24	0.101
2340011-398	|	37	37	490	|	453	7.71	|	0.082	0.63	0.630	37	0.076
2340011-399	|	23	23	165	|	142	7.71	|	0.162	1.249	1.249	23	0.139
2340011-400	|	76	76	1134	|	1058	7.71	|	0.072	0.554	0.554	76	0.067
2340011-401	|	22	22	327	|	305	7.71	|	0.072	0.556	0.556	22	0.067
2340011-402	|	64	64	830	|	766	7.71	|	0.084	0.644	0.644	64	0.077
2340011-403	|	15	14	181	|	166	7.71	|	0.09	0.697	0.650	14	0.083
2340011-404	|	108	108	1556	|	1448	7.71	|	0.075	0.575	0.575	108	0.069
2340011-405	|	53	53	650	|	597	7.71	|	0.089	0.684	0.684	53	0.082
2340011-406	|	88	88	1392	|	1304	7.71	|	0.067	0.52	0.520	88	0.063
2340011-407	|	32	32	506	|	474	7.71	|	0.068	0.52	0.520	32	0.063
2340011-408	|	67	67	1063	|	996	7.71	|	0.067	0.519	0.519	67	0.063
2340011-409	|	25	25	307	|	282	7.71	|	0.089	0.683	0.683	25	0.081
2340011-410	|	63	63	775	|	712	7.71	|	0.088	0.682	0.682	63	0.081
2340011-411	|	18	18	173	|	155	7.71	|	0.116	0.895	0.895	18	0.104
2340011-412	|	193	193	2743	|	2568	7.71	|	0.075	0.579	0.579	193	0.07
2340011-413	|	185	185	1182	|	1100	7.71	|	0.168	1.297	1.297	185	0.157
2340011-414	|	145	145	2366	|	2221	7.71	|	0.065	0.503	0.503	145	0.061
2340011-415	|	116	116	1714	|	1598	7.71	|	0.073	0.56	0.560	116	0.068
2340011-416	|	155	155	2513	|	2358	7.71	|	0.066	0.507	0.507	155	0.062
2340011-417	|	135	134	1883	|	1748	7.71	|	0.077	0.595	0.591	134	0.072
2340011-418	|	164	164	2685	|	2521	7.71	|	0.065	0.502	0.502	164	0.061
2340011-419	|	130	130	2089	|	1959	7.71	|	0.066	0.512	0.512	130	0.062
