pID	|	s(R)	Img	s(Q)	|	s(Qnq)	coff	|	PCA	BF	BFi	Img	std
2120020-0	|	66	65	357	|	267	9.345	|	0.247	2.31	2.275	65	0.185
2120020-1	|	51	50	248	|	176	9.345	|	0.29	2.708	2.655	50	0.206
2120020-2	|	48	48	294	|	222	9.345	|	0.216	2.021	2.021	48	0.163
2120020-3	|	22	22	164	|	129	9.345	|	0.171	1.594	1.594	22	0.134
2120020-4	|	32	32	240	|	181	9.345	|	0.177	1.652	1.652	32	0.133
2120020-5	|	19	19	152	|	118	9.345	|	0.161	1.505	1.505	19	0.125
2120020-6	|	50	50	310	|	236	9.345	|	0.212	1.98	1.980	50	0.161
2120020-7	|	37	37	181	|	134	9.345	|	0.276	2.58	2.580	37	0.204
2120020-8	|	52	52	263	|	187	9.345	|	0.278	2.599	2.599	52	0.198
2120020-9	|	20	20	126	|	94	9.345	|	0.213	1.988	1.988	20	0.159
2120020-10	|	49	49	310	|	240	9.345	|	0.204	1.908	1.908	49	0.158
2120020-11	|	41	41	212	|	153	9.345	|	0.268	2.504	2.504	41	0.193
2120020-12	|	52	52	258	|	188	9.345	|	0.277	2.585	2.585	52	0.202
2120020-13	|	37	37	145	|	99	9.345	|	0.374	3.493	3.493	37	0.255
2120020-14	|	56	56	308	|	229	9.345	|	0.245	2.285	2.285	56	0.182
2120020-15	|	29	28	154	|	114	9.345	|	0.254	2.377	2.295	28	0.188
2120020-16	|	50	50	272	|	199	9.345	|	0.251	2.348	2.348	50	0.184
2120020-17	|	23	23	130	|	98	9.345	|	0.235	2.193	2.193	23	0.177
2120020-18	|	102	101	595	|	443	9.345	|	0.23	2.152	2.131	101	0.171
2120020-19	|	170	169	910	|	640	9.345	|	0.266	2.482	2.468	169	0.187
2120020-20	|	107	107	577	|	423	9.345	|	0.253	2.364	2.364	107	0.185
2120020-21	|	134	134	719	|	514	9.345	|	0.261	2.436	2.436	134	0.186
2120020-22	|	97	97	555	|	412	9.345	|	0.235	2.2	2.200	97	0.175
2120020-23	|	136	136	782	|	568	9.345	|	0.239	2.238	2.238	136	0.174
2120020-24	|	100	100	582	|	429	9.345	|	0.233	2.178	2.178	100	0.172
2120020-25	|	130	130	747	|	546	9.345	|	0.238	2.225	2.225	130	0.174
2120020-26	|	55	55	335	|	256	9.345	|	0.215	2.008	2.008	55	0.164
2120020-27	|	70	70	342	|	232	9.345	|	0.302	2.82	2.820	70	0.205
2120020-28	|	94	93	458	|	336	9.345	|	0.28	2.614	2.587	93	0.205
2120020-29	|	42	42	232	|	172	9.345	|	0.244	2.282	2.282	42	0.181
2120020-30	|	91	90	446	|	326	9.345	|	0.279	2.609	2.580	90	0.204
2120020-31	|	22	22	190	|	154	9.345	|	0.143	1.335	1.335	22	0.116
2120020-32	|	46	46	263	|	201	9.345	|	0.229	2.139	2.139	46	0.175
2120020-33	|	13	13	133	|	115	9.345	|	0.113	1.056	1.056	13	0.098
2120020-34	|	102	102	494	|	361	9.345	|	0.283	2.64	2.640	102	0.206
2120020-35	|	50	50	239	|	176	9.345	|	0.284	2.655	2.655	50	0.209
2120020-36	|	78	78	386	|	283	9.345	|	0.276	2.576	2.576	78	0.202
2120020-37	|	22	22	149	|	115	9.345	|	0.191	1.788	1.788	22	0.148
2120020-38	|	136	136	596	|	431	9.345	|	0.316	2.949	2.949	136	0.228
2120020-39	|	78	78	352	|	256	9.345	|	0.305	2.847	2.847	78	0.222
2120020-40	|	118	117	460	|	319	9.345	|	0.37	3.457	3.427	117	0.257
2120020-41	|	64	64	238	|	163	9.345	|	0.393	3.669	3.669	64	0.269
2120020-42	|	94	94	409	|	290	9.345	|	0.324	3.029	3.029	94	0.23
2120020-43	|	43	43	206	|	149	9.345	|	0.289	2.697	2.697	43	0.209
2120020-44	|	83	83	390	|	277	9.345	|	0.3	2.8	2.800	83	0.213
2120020-45	|	35	34	166	|	121	9.345	|	0.289	2.703	2.626	34	0.211
2120020-46	|	249	249	1091	|	773	9.345	|	0.322	3.01	3.010	249	0.228
2120020-47	|	320	320	905	|	664	9.345	|	0.482	4.504	4.504	320	0.354
2120020-48	|	208	208	877	|	620	9.345	|	0.335	3.135	3.135	208	0.237
2120020-49	|	196	196	884	|	632	9.345	|	0.31	2.898	2.898	196	0.222
2120020-50	|	203	203	932	|	668	9.345	|	0.304	2.84	2.840	203	0.218
2120020-51	|	202	202	1038	|	772	9.345	|	0.262	2.445	2.445	202	0.195
2120020-52	|	232	232	959	|	668	9.345	|	0.347	3.246	3.246	232	0.242
2120020-53	|	238	238	1137	|	830	9.345	|	0.287	2.68	2.680	238	0.209
2120020-54	|	214	214	811	|	550	9.345	|	0.389	3.636	3.636	214	0.264
2120020-55	|	188	188	717	|	482	9.345	|	0.39	3.645	3.645	188	0.262
2120020-56	|	55	55	282	|	213	9.345	|	0.258	2.413	2.413	55	0.195
2120020-57	|	34	34	192	|	141	9.345	|	0.241	2.253	2.253	34	0.177
2120020-58	|	48	47	282	|	218	9.345	|	0.22	2.058	2.015	47	0.17
2120020-59	|	46	45	233	|	172	9.345	|	0.267	2.499	2.445	45	0.197
2120020-60	|	22	22	222	|	192	9.345	|	0.115	1.071	1.071	22	0.099
2120020-61	|	17	17	149	|	128	9.345	|	0.133	1.241	1.241	17	0.114
2120020-62	|	47	47	275	|	214	9.345	|	0.22	2.052	2.052	47	0.171
2120020-63	|	29	29	167	|	128	9.345	|	0.227	2.117	2.117	29	0.174
2120020-64	|	36	36	233	|	180	9.345	|	0.2	1.869	1.869	36	0.155
2120020-65	|	27	27	133	|	97	9.345	|	0.278	2.601	2.601	27	0.203
2120020-66	|	43	43	230	|	171	9.345	|	0.251	2.35	2.350	43	0.187
2120020-67	|	47	47	203	|	142	9.345	|	0.331	3.093	3.093	47	0.232
2120020-68	|	44	44	232	|	173	9.345	|	0.254	2.377	2.377	44	0.19
2120020-69	|	34	34	136	|	91	9.345	|	0.374	3.492	3.492	34	0.25
2120020-70	|	41	41	224	|	169	9.345	|	0.243	2.267	2.267	41	0.183
2120020-71	|	27	27	122	|	88	9.345	|	0.307	2.867	2.867	27	0.221
2120020-72	|	38	38	237	|	187	9.345	|	0.203	1.899	1.899	38	0.16
2120020-73	|	22	22	148	|	115	9.345	|	0.191	1.788	1.788	22	0.149
2120020-74	|	81	80	455	|	347	9.345	|	0.233	2.181	2.154	80	0.178
2120020-75	|	179	178	803	|	573	9.345	|	0.312	2.919	2.903	178	0.223
2120020-76	|	77	77	444	|	341	9.345	|	0.226	2.11	2.110	77	0.173
2120020-77	|	137	137	648	|	476	9.345	|	0.288	2.69	2.690	137	0.211
2120020-78	|	87	87	487	|	368	9.345	|	0.236	2.209	2.209	87	0.179
2120020-79	|	133	133	730	|	545	9.345	|	0.244	2.281	2.281	133	0.182
2120020-80	|	78	78	448	|	345	9.345	|	0.226	2.113	2.113	78	0.174
2120020-81	|	142	142	719	|	528	9.345	|	0.269	2.513	2.513	142	0.197
2120020-82	|	61	61	282	|	209	9.345	|	0.292	2.727	2.727	61	0.216
2120020-83	|	82	82	341	|	239	9.345	|	0.343	3.206	3.206	82	0.24
2120020-84	|	11	11	302	|	267	9.345	|	0.041	0.385	0.385	11	0.036
2120020-85	|	8	8	139	|	122	9.345	|	0.066	0.613	0.613	8	0.058
2120020-86	|	12	12	306	|	264	9.345	|	0.045	0.425	0.425	12	0.039
2120020-87	|	5	5	133	|	118	9.345	|	0.042	0.396	0.396	5	0.038
2120020-88	|	10	10	276	|	244	9.345	|	0.041	0.383	0.383	10	0.036
2120020-89	|	2	2	133	|	124	9.345	|	0.016	0.151	0.151	2	0.015
2120020-90	|	12	12	258	|	220	9.345	|	0.055	0.51	0.510	12	0.047
2120020-91	|	8	8	117	|	103	9.345	|	0.078	0.726	0.726	8	0.068
2120020-92	|	15	15	249	|	219	9.345	|	0.068	0.64	0.640	15	0.06
2120020-93	|	7	7	101	|	87	9.345	|	0.08	0.752	0.752	7	0.069
2120020-94	|	12	12	206	|	176	9.345	|	0.068	0.637	0.637	12	0.058
2120020-95	|	6	6	92	|	75	9.345	|	0.08	0.748	0.748	6	0.065
2120020-96	|	13	13	222	|	190	9.345	|	0.068	0.639	0.639	13	0.059
2120020-97	|	6	6	92	|	80	9.345	|	0.075	0.701	0.701	6	0.065
2120020-98	|	8	8	240	|	211	9.345	|	0.038	0.354	0.354	8	0.033
2120020-99	|	1	1	86	|	77	9.345	|	0.013	0.121	0.121	1	0.012
2120020-100	|	8	8	263	|	233	9.345	|	0.034	0.321	0.321	8	0.03
2120020-101	|	4	4	109	|	93	9.345	|	0.043	0.402	0.402	4	0.037
2120020-102	|	26	26	576	|	501	9.345	|	0.052	0.485	0.485	26	0.045
2120020-103	|	27	27	594	|	522	9.345	|	0.052	0.483	0.483	27	0.045
2120020-104	|	25	25	581	|	502	9.345	|	0.05	0.465	0.465	25	0.043
2120020-105	|	33	33	591	|	508	9.345	|	0.065	0.607	0.607	33	0.056
2120020-106	|	30	30	593	|	507	9.345	|	0.059	0.553	0.553	30	0.051
2120020-107	|	29	29	596	|	509	9.345	|	0.057	0.532	0.532	29	0.049
2120020-108	|	30	30	555	|	481	9.345	|	0.062	0.583	0.583	30	0.054
2120020-109	|	27	27	527	|	458	9.345	|	0.059	0.551	0.551	27	0.051
2120020-110	|	13	13	315	|	273	9.345	|	0.048	0.445	0.445	13	0.041
2120020-111	|	9	9	196	|	165	9.345	|	0.055	0.51	0.510	9	0.046
2120020-112	|	98	98	295	|	197	9.345	|	0.497	4.649	4.649	98	0.332
2120020-113	|	64	64	193	|	129	9.345	|	0.496	4.636	4.636	64	0.332
2120020-114	|	126	126	351	|	225	9.345	|	0.56	5.233	5.233	126	0.359
2120020-115	|	111	111	271	|	160	9.345	|	0.694	6.483	6.483	111	0.41
2120020-116	|	96	95	279	|	183	9.345	|	0.525	4.902	4.851	95	0.344
2120020-117	|	45	45	147	|	102	9.345	|	0.441	4.123	4.123	45	0.306
2120020-118	|	49	48	193	|	144	9.345	|	0.34	3.18	3.115	48	0.254
2120020-119	|	32	32	122	|	90	9.345	|	0.356	3.323	3.323	32	0.262
2120020-120	|	84	83	255	|	171	9.345	|	0.491	4.59	4.536	83	0.329
2120020-121	|	48	48	129	|	81	9.345	|	0.593	5.538	5.538	48	0.372
2120020-122	|	119	119	290	|	171	9.345	|	0.696	6.503	6.503	119	0.41
2120020-123	|	108	108	236	|	128	9.345	|	0.844	7.885	7.885	108	0.458
2120020-124	|	120	120	288	|	168	9.345	|	0.714	6.675	6.675	120	0.417
2120020-125	|	94	94	181	|	87	9.345	|	1.08	10.097	10.097	94	0.519
2120020-126	|	104	103	274	|	170	9.345	|	0.612	5.717	5.662	103	0.38
2120020-127	|	50	49	143	|	93	9.345	|	0.538	5.024	4.924	49	0.35
2120020-128	|	95	94	267	|	172	9.345	|	0.552	5.161	5.107	94	0.356
2120020-129	|	48	48	140	|	92	9.345	|	0.522	4.876	4.876	48	0.343
2120020-130	|	233	233	599	|	366	9.345	|	0.637	5.949	5.949	233	0.389
2120020-131	|	420	419	1001	|	581	9.345	|	0.723	6.755	6.739	419	0.42
2120020-132	|	180	180	527	|	347	9.345	|	0.519	4.848	4.848	180	0.342
2120020-133	|	274	274	730	|	456	9.345	|	0.601	5.615	5.615	274	0.375
2120020-134	|	198	198	559	|	361	9.345	|	0.548	5.125	5.125	198	0.354
2120020-135	|	300	300	784	|	484	9.345	|	0.62	5.792	5.792	300	0.383
2120020-136	|	218	217	569	|	351	9.345	|	0.621	5.804	5.777	217	0.383
2120020-137	|	317	317	808	|	491	9.345	|	0.646	6.033	6.033	317	0.392
2120020-138	|	163	162	392	|	229	9.345	|	0.712	6.652	6.611	162	0.416
2120020-139	|	194	193	420	|	226	9.345	|	0.858	8.022	7.980	193	0.462
2120020-140	|	57	57	223	|	151	9.345	|	0.377	3.528	3.528	57	0.256
2120020-141	|	38	38	168	|	116	9.345	|	0.328	3.061	3.061	38	0.226
2120020-142	|	62	62	231	|	152	9.345	|	0.408	3.812	3.812	62	0.268
2120020-143	|	57	57	189	|	121	9.345	|	0.471	4.402	4.402	57	0.302
2120020-144	|	43	43	209	|	148	9.345	|	0.291	2.715	2.715	43	0.206
2120020-145	|	27	27	134	|	96	9.345	|	0.281	2.628	2.628	27	0.201
2120020-146	|	34	34	178	|	128	9.345	|	0.266	2.482	2.482	34	0.191
2120020-147	|	19	19	141	|	110	9.345	|	0.173	1.614	1.614	19	0.135
2120020-148	|	49	49	213	|	145	9.345	|	0.338	3.158	3.158	49	0.23
2120020-149	|	35	35	153	|	109	9.345	|	0.321	3.001	3.001	35	0.229
2120020-150	|	45	45	173	|	116	9.345	|	0.388	3.625	3.625	45	0.26
2120020-151	|	50	50	158	|	97	9.345	|	0.515	4.817	4.817	50	0.316
2120020-152	|	50	50	173	|	107	9.345	|	0.467	4.367	4.367	50	0.289
2120020-153	|	34	34	118	|	73	9.345	|	0.466	4.352	4.352	34	0.288
2120020-154	|	43	43	157	|	106	9.345	|	0.406	3.791	3.791	43	0.274
2120020-155	|	30	30	109	|	69	9.345	|	0.435	4.063	4.063	30	0.275
2120020-156	|	40	40	183	|	126	9.345	|	0.317	2.967	2.967	40	0.219
2120020-157	|	30	30	127	|	88	9.345	|	0.341	3.186	3.186	30	0.236
2120020-158	|	97	97	394	|	265	9.345	|	0.366	3.421	3.421	97	0.246
2120020-159	|	185	185	705	|	474	9.345	|	0.39	3.647	3.647	185	0.262
2120020-160	|	87	87	375	|	258	9.345	|	0.337	3.151	3.151	87	0.232
2120020-161	|	126	126	552	|	393	9.345	|	0.321	2.996	2.996	126	0.228
2120020-162	|	88	88	388	|	269	9.345	|	0.327	3.057	3.057	88	0.227
2120020-163	|	133	133	631	|	445	9.345	|	0.299	2.793	2.793	133	0.211
2120020-164	|	85	85	356	|	236	9.345	|	0.36	3.366	3.366	85	0.239
2120020-165	|	141	141	577	|	396	9.345	|	0.356	3.327	3.327	141	0.244
2120020-166	|	65	65	229	|	143	9.345	|	0.455	4.248	4.248	65	0.284
2120020-167	|	92	92	268	|	155	9.345	|	0.594	5.547	5.547	92	0.343
2120020-168	|	65	65	402	|	321	9.345	|	0.202	1.892	1.892	65	0.162
2120020-169	|	32	32	208	|	170	9.345	|	0.188	1.759	1.759	32	0.154
2120020-170	|	112	112	559	|	419	9.345	|	0.267	2.498	2.498	112	0.2
2120020-171	|	73	73	364	|	272	9.345	|	0.268	2.508	2.508	73	0.201
2120020-172	|	74	74	359	|	269	9.345	|	0.275	2.571	2.571	74	0.206
2120020-173	|	27	27	171	|	139	9.345	|	0.194	1.815	1.815	27	0.158
2120020-174	|	31	29	186	|	148	9.345	|	0.209	1.957	1.831	29	0.167
2120020-175	|	14	14	104	|	84	9.345	|	0.167	1.557	1.557	14	0.135
2120020-176	|	95	95	430	|	310	9.345	|	0.306	2.864	2.864	95	0.221
2120020-177	|	51	51	213	|	152	9.345	|	0.336	3.135	3.135	51	0.239
2120020-178	|	56	56	335	|	265	9.345	|	0.211	1.975	1.975	56	0.167
2120020-179	|	20	20	120	|	95	9.345	|	0.211	1.967	1.967	20	0.167
2120020-180	|	104	104	482	|	351	9.345	|	0.296	2.769	2.769	104	0.216
2120020-181	|	68	68	274	|	191	9.345	|	0.356	3.327	3.327	68	0.248
2120020-182	|	76	74	379	|	287	9.345	|	0.265	2.475	2.409	74	0.201
2120020-183	|	35	35	179	|	139	9.345	|	0.252	2.353	2.353	35	0.196
2120020-184	|	79	79	380	|	282	9.345	|	0.28	2.618	2.618	79	0.208
2120020-185	|	27	27	147	|	113	9.345	|	0.239	2.233	2.233	27	0.184
2120020-186	|	207	207	986	|	726	9.345	|	0.285	2.664	2.664	207	0.21
2120020-187	|	351	351	1053	|	769	9.345	|	0.456	4.265	4.265	351	0.333
2120020-188	|	162	162	820	|	618	9.345	|	0.262	2.45	2.450	162	0.198
2120020-189	|	190	190	954	|	712	9.345	|	0.267	2.494	2.494	190	0.199
2120020-190	|	174	174	830	|	613	9.345	|	0.284	2.653	2.653	174	0.21
2120020-191	|	213	213	1022	|	759	9.345	|	0.281	2.622	2.622	213	0.208
2120020-192	|	178	178	873	|	647	9.345	|	0.275	2.571	2.571	178	0.204
2120020-193	|	249	249	1122	|	812	9.345	|	0.307	2.866	2.866	249	0.222
2120020-194	|	156	154	726	|	530	9.345	|	0.294	2.751	2.715	154	0.215
2120020-195	|	162	162	724	|	514	9.345	|	0.315	2.945	2.945	162	0.224
2120020-196	|	78	78	340	|	245	9.345	|	0.318	2.975	2.975	78	0.229
2120020-197	|	42	42	179	|	129	9.345	|	0.326	3.043	3.043	42	0.235
2120020-198	|	113	113	410	|	276	9.345	|	0.409	3.826	3.826	113	0.276
2120020-199	|	70	70	255	|	175	9.345	|	0.4	3.738	3.738	70	0.275
2120020-200	|	76	76	312	|	223	9.345	|	0.341	3.185	3.185	76	0.244
2120020-201	|	33	33	144	|	102	9.345	|	0.324	3.023	3.023	33	0.229
2120020-202	|	37	35	194	|	147	9.345	|	0.252	2.352	2.225	35	0.191
2120020-203	|	21	21	109	|	84	9.345	|	0.25	2.336	2.336	21	0.193
2120020-204	|	91	91	346	|	238	9.345	|	0.382	3.573	3.573	91	0.263
2120020-205	|	47	47	202	|	141	9.345	|	0.333	3.115	3.115	47	0.233
2120020-206	|	71	70	295	|	210	9.345	|	0.338	3.159	3.115	70	0.241
2120020-207	|	21	21	108	|	80	9.345	|	0.263	2.453	2.453	21	0.194
2120020-208	|	117	117	436	|	296	9.345	|	0.395	3.694	3.694	117	0.268
2120020-209	|	84	84	307	|	205	9.345	|	0.41	3.829	3.829	84	0.274
2120020-210	|	78	77	323	|	229	9.345	|	0.341	3.183	3.142	77	0.241
2120020-211	|	43	42	185	|	133	9.345	|	0.323	3.021	2.951	42	0.232
2120020-212	|	66	65	287	|	206	9.345	|	0.32	2.994	2.949	65	0.23
2120020-213	|	27	27	136	|	102	9.345	|	0.265	2.474	2.474	27	0.199
2120020-214	|	190	190	771	|	545	9.345	|	0.349	3.258	3.258	190	0.246
2120020-215	|	302	302	1215	|	841	9.345	|	0.359	3.356	3.356	302	0.249
2120020-216	|	160	160	673	|	485	9.345	|	0.33	3.083	3.083	160	0.238
2120020-217	|	191	191	821	|	590	9.345	|	0.324	3.025	3.025	191	0.233
2120020-218	|	168	168	683	|	488	9.345	|	0.344	3.217	3.217	168	0.246
2120020-219	|	208	208	886	|	634	9.345	|	0.328	3.066	3.066	208	0.235
2120020-220	|	179	179	698	|	491	9.345	|	0.365	3.407	3.407	179	0.256
2120020-221	|	227	227	929	|	659	9.345	|	0.344	3.219	3.219	227	0.244
2120020-222	|	141	140	562	|	396	9.345	|	0.356	3.327	3.304	140	0.251
2120020-223	|	141	141	590	|	409	9.345	|	0.345	3.222	3.222	141	0.239
2120020-224	|	63	63	258	|	171	9.345	|	0.368	3.443	3.443	63	0.244
2120020-225	|	47	47	193	|	122	9.345	|	0.385	3.6	3.600	47	0.244
2120020-226	|	75	74	293	|	188	9.345	|	0.399	3.728	3.678	74	0.256
2120020-227	|	52	52	208	|	134	9.345	|	0.388	3.626	3.626	52	0.25
2120020-228	|	57	57	223	|	142	9.345	|	0.401	3.751	3.751	57	0.256
2120020-229	|	28	28	131	|	88	9.345	|	0.318	2.973	2.973	28	0.214
2120020-230	|	42	42	169	|	103	9.345	|	0.408	3.811	3.811	42	0.249
2120020-231	|	22	22	111	|	75	9.345	|	0.293	2.741	2.741	22	0.198
2120020-232	|	65	65	263	|	170	9.345	|	0.382	3.573	3.573	65	0.247
2120020-233	|	42	42	168	|	108	9.345	|	0.389	3.634	3.634	42	0.25
2120020-234	|	52	52	211	|	136	9.345	|	0.382	3.573	3.573	52	0.246
2120020-235	|	25	25	96	|	58	9.345	|	0.431	4.028	4.028	25	0.26
2120020-236	|	69	68	240	|	153	9.345	|	0.451	4.214	4.153	68	0.287
2120020-237	|	59	59	201	|	121	9.345	|	0.488	4.557	4.557	59	0.294
2120020-238	|	56	56	246	|	164	9.345	|	0.341	3.191	3.191	56	0.228
2120020-239	|	41	41	163	|	105	9.345	|	0.39	3.649	3.649	41	0.252
2120020-240	|	58	58	237	|	149	9.345	|	0.389	3.638	3.638	58	0.245
2120020-241	|	26	26	104	|	65	9.345	|	0.4	3.738	3.738	26	0.25
2120020-242	|	118	117	485	|	313	9.345	|	0.377	3.523	3.493	117	0.243
2120020-243	|	221	220	863	|	549	9.345	|	0.403	3.762	3.745	220	0.256
2120020-244	|	100	99	449	|	300	9.345	|	0.333	3.115	3.084	99	0.223
2120020-245	|	161	161	675	|	453	9.345	|	0.355	3.321	3.321	161	0.239
2120020-246	|	111	110	450	|	290	9.345	|	0.383	3.577	3.545	110	0.247
2120020-247	|	181	181	717	|	463	9.345	|	0.391	3.653	3.653	181	0.252
2120020-248	|	109	108	471	|	312	9.345	|	0.349	3.265	3.235	108	0.231
2120020-249	|	176	176	719	|	470	9.345	|	0.374	3.499	3.499	176	0.245
2120020-250	|	81	80	310	|	193	9.345	|	0.42	3.922	3.874	80	0.261
2120020-251	|	119	119	403	|	234	9.345	|	0.509	4.752	4.752	119	0.295
2120020-252	|	41	41	203	|	143	9.345	|	0.287	2.679	2.679	41	0.202
2120020-253	|	30	30	154	|	103	9.345	|	0.291	2.722	2.722	30	0.195
2120020-254	|	48	48	230	|	163	9.345	|	0.294	2.752	2.752	48	0.209
2120020-255	|	44	44	188	|	127	9.345	|	0.346	3.238	3.238	44	0.234
2120020-256	|	37	37	180	|	122	9.345	|	0.303	2.834	2.834	37	0.206
2120020-257	|	28	28	127	|	84	9.345	|	0.333	3.115	3.115	28	0.22
2120020-258	|	29	29	152	|	111	9.345	|	0.261	2.441	2.441	29	0.191
2120020-259	|	13	13	104	|	83	9.345	|	0.157	1.464	1.464	13	0.125
2120020-260	|	43	43	204	|	145	9.345	|	0.297	2.771	2.771	43	0.211
2120020-261	|	31	30	144	|	101	9.345	|	0.307	2.868	2.776	30	0.215
2120020-262	|	39	39	176	|	117	9.345	|	0.333	3.115	3.115	39	0.222
2120020-263	|	20	20	116	|	82	9.345	|	0.244	2.279	2.279	20	0.172
2120020-264	|	49	49	194	|	128	9.345	|	0.383	3.577	3.577	49	0.253
2120020-265	|	43	43	165	|	109	9.345	|	0.394	3.687	3.687	43	0.261
2120020-266	|	41	41	174	|	117	9.345	|	0.35	3.275	3.275	41	0.236
2120020-267	|	27	27	123	|	85	9.345	|	0.318	2.968	2.968	27	0.22
2120020-268	|	40	40	176	|	125	9.345	|	0.32	2.99	2.990	40	0.227
2120020-269	|	20	20	114	|	84	9.345	|	0.238	2.225	2.225	20	0.175
2120020-270	|	75	75	380	|	275	9.345	|	0.273	2.549	2.549	75	0.197
2120020-271	|	154	154	741	|	543	9.345	|	0.284	2.65	2.650	154	0.208
2120020-272	|	77	77	378	|	274	9.345	|	0.281	2.626	2.626	77	0.204
2120020-273	|	113	113	583	|	431	9.345	|	0.262	2.45	2.450	113	0.194
2120020-274	|	78	78	384	|	274	9.345	|	0.285	2.66	2.660	78	0.203
2120020-275	|	104	104	643	|	490	9.345	|	0.212	1.983	1.983	104	0.162
2120020-276	|	77	77	379	|	271	9.345	|	0.284	2.655	2.655	77	0.203
2120020-277	|	122	122	619	|	444	9.345	|	0.275	2.568	2.568	122	0.197
2120020-278	|	51	51	235	|	171	9.345	|	0.298	2.787	2.787	51	0.217
2120020-279	|	74	74	243	|	151	9.345	|	0.49	4.58	4.580	74	0.305
2120020-280	|	370	369	2464	|	1986	9.345	|	0.186	1.741	1.736	369	0.15
2120020-281	|	95	94	684	|	565	9.345	|	0.168	1.571	1.555	94	0.139
2120020-282	|	555	554	3290	|	2605	9.345	|	0.213	1.991	1.987	554	0.169
2120020-283	|	203	203	1308	|	1048	9.345	|	0.194	1.81	1.810	203	0.155
2120020-284	|	329	328	2270	|	1835	9.345	|	0.179	1.675	1.670	328	0.145
2120020-285	|	65	65	573	|	478	9.345	|	0.136	1.271	1.271	65	0.113
2120020-286	|	165	165	1473	|	1243	9.345	|	0.133	1.24	1.240	165	0.112
2120020-287	|	47	47	434	|	366	9.345	|	0.128	1.2	1.200	47	0.108
2120020-288	|	401	401	2633	|	2098	9.345	|	0.191	1.786	1.786	401	0.152
2120020-289	|	118	118	736	|	583	9.345	|	0.202	1.891	1.891	118	0.16
2120020-290	|	298	298	2086	|	1678	9.345	|	0.178	1.66	1.660	298	0.143
2120020-291	|	54	54	457	|	374	9.345	|	0.144	1.349	1.349	54	0.118
2120020-292	|	542	541	3163	|	2522	9.345	|	0.215	2.008	2.005	541	0.171
2120020-293	|	225	224	1393	|	1098	9.345	|	0.205	1.915	1.906	224	0.162
2120020-294	|	467	466	3029	|	2421	9.345	|	0.193	1.803	1.799	466	0.154
2120020-295	|	161	160	1038	|	825	9.345	|	0.195	1.824	1.812	160	0.155
2120020-296	|	368	368	2413	|	1935	9.345	|	0.19	1.777	1.777	368	0.153
2120020-297	|	92	92	642	|	519	9.345	|	0.177	1.657	1.657	92	0.143
2120020-298	|	304	304	2153	|	1736	9.345	|	0.175	1.636	1.636	304	0.141
2120020-299	|	57	57	515	|	437	9.345	|	0.13	1.219	1.219	57	0.111
2120020-300	|	819	818	2896	|	2326	9.345	|	0.352	3.29	3.286	818	0.283
2120020-301	|	495	494	1806	|	1471	9.345	|	0.337	3.145	3.138	494	0.274
2120020-302	|	860	859	2929	|	2387	9.345	|	0.36	3.367	3.363	859	0.294
2120020-303	|	552	551	1743	|	1445	9.345	|	0.382	3.57	3.563	551	0.317
2120020-304	|	958	957	2952	|	2385	9.345	|	0.402	3.754	3.750	957	0.325
2120020-305	|	653	652	1726	|	1405	9.345	|	0.465	4.343	4.337	652	0.378
2120020-306	|	792	792	2933	|	2310	9.345	|	0.343	3.204	3.204	792	0.27
2120020-307	|	439	438	2161	|	1688	9.345	|	0.26	2.43	2.425	438	0.203
2120020-308	|	217	216	1595	|	1271	9.345	|	0.171	1.595	1.588	216	0.136
2120020-309	|	70	69	517	|	406	9.345	|	0.172	1.611	1.588	69	0.135
2120020-310	|	277	276	1833	|	1430	9.345	|	0.194	1.81	1.804	276	0.151
2120020-311	|	121	121	691	|	524	9.345	|	0.231	2.158	2.158	121	0.175
2120020-312	|	205	204	1511	|	1203	9.345	|	0.17	1.592	1.585	204	0.136
2120020-313	|	59	59	429	|	342	9.345	|	0.173	1.612	1.612	59	0.138
2120020-314	|	144	144	1293	|	1061	9.345	|	0.136	1.268	1.268	144	0.111
2120020-315	|	43	43	481	|	406	9.345	|	0.106	0.99	0.990	43	0.089
2120020-316	|	207	207	1606	|	1293	9.345	|	0.16	1.496	1.496	207	0.129
2120020-317	|	73	73	530	|	430	9.345	|	0.17	1.586	1.586	73	0.138
2120020-318	|	192	192	1410	|	1134	9.345	|	0.169	1.582	1.582	192	0.136
2120020-319	|	57	57	384	|	301	9.345	|	0.189	1.77	1.770	57	0.148
2120020-320	|	267	266	1835	|	1444	9.345	|	0.185	1.728	1.721	266	0.146
2120020-321	|	114	113	718	|	555	9.345	|	0.205	1.919	1.903	113	0.159
2120020-322	|	234	233	1751	|	1399	9.345	|	0.167	1.563	1.556	233	0.134
2120020-323	|	101	100	615	|	476	9.345	|	0.212	1.983	1.963	100	0.164
2120020-324	|	214	214	1618	|	1291	9.345	|	0.166	1.549	1.549	214	0.132
2120020-325	|	68	68	497	|	396	9.345	|	0.172	1.605	1.605	68	0.137
2120020-326	|	192	192	1468	|	1177	9.345	|	0.163	1.524	1.524	192	0.131
2120020-327	|	61	61	380	|	294	9.345	|	0.207	1.939	1.939	61	0.161
2120020-328	|	500	499	2882	|	2293	9.345	|	0.218	2.038	2.034	499	0.173
2120020-329	|	484	483	1110	|	869	9.345	|	0.557	5.205	5.194	483	0.436
2120020-330	|	447	446	3013	|	2428	9.345	|	0.184	1.72	1.717	446	0.148
2120020-331	|	370	369	1603	|	1287	9.345	|	0.287	2.687	2.679	369	0.231
2120020-332	|	471	470	3063	|	2451	9.345	|	0.192	1.796	1.792	470	0.154
2120020-333	|	396	395	1745	|	1375	9.345	|	0.288	2.691	2.685	395	0.227
2120020-334	|	361	361	2461	|	1930	9.345	|	0.187	1.748	1.748	361	0.147
2120020-335	|	234	234	1514	|	1176	9.345	|	0.199	1.859	1.859	234	0.155
2120020-336	|	253	253	1816	|	1393	9.345	|	0.182	1.697	1.697	253	0.139
2120020-337	|	86	86	561	|	429	9.345	|	0.2	1.873	1.873	86	0.153
2120020-338	|	324	324	2136	|	1630	9.345	|	0.199	1.858	1.858	324	0.152
2120020-339	|	139	139	805	|	597	9.345	|	0.233	2.176	2.176	139	0.173
2120020-340	|	254	254	1720	|	1328	9.345	|	0.191	1.787	1.787	254	0.148
2120020-341	|	56	56	437	|	348	9.345	|	0.161	1.504	1.504	56	0.128
2120020-342	|	147	147	1393	|	1113	9.345	|	0.132	1.234	1.234	147	0.106
2120020-343	|	50	50	443	|	355	9.345	|	0.141	1.316	1.316	50	0.113
2120020-344	|	251	251	1836	|	1404	9.345	|	0.179	1.671	1.671	251	0.137
2120020-345	|	87	87	547	|	410	9.345	|	0.212	1.983	1.983	87	0.159
2120020-346	|	220	220	1521	|	1175	9.345	|	0.187	1.75	1.750	220	0.145
2120020-347	|	57	57	376	|	280	9.345	|	0.204	1.902	1.902	57	0.152
2120020-348	|	311	311	2035	|	1542	9.345	|	0.202	1.885	1.885	311	0.153
2120020-349	|	137	137	782	|	573	9.345	|	0.239	2.234	2.234	137	0.175
2120020-350	|	252	251	1882	|	1457	9.345	|	0.173	1.616	1.610	251	0.134
2120020-351	|	113	113	645	|	483	9.345	|	0.234	2.186	2.186	113	0.175
2120020-352	|	240	240	1658	|	1262	9.345	|	0.19	1.777	1.777	240	0.145
2120020-353	|	88	88	516	|	386	9.345	|	0.228	2.13	2.130	88	0.171
2120020-354	|	229	229	1651	|	1276	9.345	|	0.179	1.677	1.677	229	0.139
2120020-355	|	66	66	445	|	345	9.345	|	0.191	1.788	1.788	66	0.148
2120020-356	|	598	598	2940	|	2281	9.345	|	0.262	2.45	2.450	598	0.203
2120020-357	|	529	529	1041	|	805	9.345	|	0.657	6.141	6.141	529	0.508
2120020-358	|	506	506	3122	|	2429	9.345	|	0.208	1.947	1.947	506	0.162
2120020-359	|	368	368	1762	|	1372	9.345	|	0.268	2.507	2.507	368	0.209
2120020-360	|	546	546	3046	|	2345	9.345	|	0.233	2.176	2.176	546	0.179
2120020-361	|	427	427	1354	|	1043	9.345	|	0.409	3.826	3.826	427	0.315
2120020-362	|	410	410	2691	|	2033	9.345	|	0.202	1.885	1.885	410	0.152
2120020-363	|	269	268	1576	|	1149	9.345	|	0.234	2.188	2.180	268	0.171
2120020-364	|	365	364	1741	|	1376	9.345	|	0.265	2.479	2.472	364	0.21
2120020-365	|	111	110	563	|	452	9.345	|	0.246	2.295	2.274	110	0.197
2120020-366	|	510	509	2235	|	1725	9.345	|	0.296	2.763	2.757	509	0.228
2120020-367	|	216	215	905	|	689	9.345	|	0.313	2.93	2.916	215	0.239
2120020-368	|	351	350	1619	|	1268	9.345	|	0.277	2.587	2.579	350	0.217
2120020-369	|	89	89	477	|	388	9.345	|	0.229	2.144	2.144	89	0.187
2120020-370	|	192	192	1148	|	956	9.345	|	0.201	1.877	1.877	192	0.167
2120020-371	|	62	62	414	|	352	9.345	|	0.176	1.646	1.646	62	0.15
2120020-372	|	407	407	1821	|	1414	9.345	|	0.288	2.69	2.690	407	0.224
2120020-373	|	144	144	572	|	428	9.345	|	0.336	3.144	3.144	144	0.252
2120020-374	|	315	315	1449	|	1134	9.345	|	0.278	2.596	2.596	315	0.217
2120020-375	|	72	72	375	|	303	9.345	|	0.238	2.221	2.221	72	0.192
2120020-376	|	502	501	2240	|	1738	9.345	|	0.289	2.699	2.694	501	0.224
2120020-377	|	218	217	918	|	700	9.345	|	0.311	2.91	2.897	217	0.237
2120020-378	|	445	444	1982	|	1537	9.345	|	0.29	2.706	2.700	444	0.225
2120020-379	|	181	180	741	|	560	9.345	|	0.323	3.02	3.004	180	0.244
2120020-380	|	362	362	1738	|	1376	9.345	|	0.263	2.458	2.458	362	0.208
2120020-381	|	114	113	547	|	433	9.345	|	0.263	2.46	2.439	113	0.208
2120020-382	|	315	315	1530	|	1215	9.345	|	0.259	2.423	2.423	315	0.206
2120020-383	|	81	81	422	|	341	9.345	|	0.238	2.22	2.220	81	0.192
2120020-384	|	954	953	2905	|	2269	9.345	|	0.42	3.929	3.925	953	0.328
2120020-385	|	852	851	1041	|	833	9.345	|	1.023	9.558	9.547	851	0.818
2120020-386	|	785	784	2929	|	2310	9.345	|	0.34	3.176	3.172	784	0.268
2120020-387	|	547	546	1773	|	1405	9.345	|	0.389	3.638	3.632	546	0.309
2120020-388	|	815	814	2971	|	2332	9.345	|	0.349	3.266	3.262	814	0.274
2120020-389	|	623	622	1632	|	1294	9.345	|	0.481	4.499	4.492	622	0.382
2120020-390	|	724	724	2920	|	2196	9.345	|	0.33	3.081	3.081	724	0.248
2120020-391	|	455	455	1802	|	1347	9.345	|	0.338	3.157	3.157	455	0.252
2120020-392	|	117	117	930	|	713	9.345	|	0.164	1.533	1.533	117	0.126
2120020-393	|	30	30	264	|	214	9.345	|	0.14	1.31	1.310	30	0.114
2120020-394	|	208	208	1617	|	1223	9.345	|	0.17	1.589	1.589	208	0.129
2120020-395	|	97	97	718	|	552	9.345	|	0.176	1.642	1.642	97	0.135
2120020-396	|	107	107	931	|	727	9.345	|	0.147	1.375	1.375	107	0.115
2120020-397	|	28	28	237	|	187	9.345	|	0.15	1.399	1.399	28	0.118
2120020-398	|	39	38	490	|	387	9.345	|	0.101	0.942	0.918	38	0.08
2120020-399	|	11	11	165	|	135	9.345	|	0.081	0.761	0.761	11	0.067
2120020-400	|	146	146	1134	|	864	9.345	|	0.169	1.579	1.579	146	0.129
2120020-401	|	37	37	327	|	252	9.345	|	0.147	1.372	1.372	37	0.113
2120020-402	|	102	102	830	|	633	9.345	|	0.161	1.506	1.506	102	0.123
2120020-403	|	18	18	181	|	142	9.345	|	0.127	1.185	1.185	18	0.099
2120020-404	|	184	184	1556	|	1174	9.345	|	0.157	1.465	1.465	184	0.118
2120020-405	|	74	74	650	|	505	9.345	|	0.147	1.369	1.369	74	0.114
2120020-406	|	160	160	1392	|	1078	9.345	|	0.148	1.387	1.387	160	0.115
2120020-407	|	50	50	506	|	395	9.345	|	0.127	1.183	1.183	50	0.099
2120020-408	|	118	118	1063	|	826	9.345	|	0.143	1.335	1.335	118	0.111
2120020-409	|	34	34	307	|	245	9.345	|	0.139	1.297	1.297	34	0.111
2120020-410	|	80	80	775	|	609	9.345	|	0.131	1.228	1.228	80	0.103
2120020-411	|	23	23	173	|	131	9.345	|	0.176	1.641	1.641	23	0.133
2120020-412	|	375	375	2743	|	2082	9.345	|	0.18	1.683	1.683	375	0.137
2120020-413	|	353	353	1182	|	941	9.345	|	0.375	3.506	3.506	353	0.299
2120020-414	|	276	276	2366	|	1802	9.345	|	0.153	1.431	1.431	276	0.117
2120020-415	|	195	195	1714	|	1321	9.345	|	0.148	1.379	1.379	195	0.114
2120020-416	|	293	293	2513	|	1918	9.345	|	0.153	1.428	1.428	293	0.117
2120020-417	|	226	226	1883	|	1442	9.345	|	0.157	1.465	1.465	226	0.12
2120020-418	|	337	337	2685	|	2046	9.345	|	0.165	1.539	1.539	337	0.126
2120020-419	|	266	266	2089	|	1599	9.345	|	0.166	1.555	1.555	266	0.127
