pID	|	s(R)	Img	s(Q)	|	s(Qnq)	coff	|	PCA	BF	BFi	Img	std
2370005-0	|	60	60	288	|	117	3.254	|	0.513	1.669	1.669	60	0.208
2370005-1	|	37	37	180	|	73	3.254	|	0.507	1.65	1.650	37	0.206
2370005-2	|	64	64	262	|	95	3.254	|	0.674	2.192	2.192	64	0.244
2370005-3	|	38	38	145	|	59	3.254	|	0.644	2.096	2.096	38	0.262
2370005-4	|	58	58	266	|	101	3.254	|	0.574	1.869	1.869	58	0.218
2370005-5	|	28	28	135	|	60	3.254	|	0.467	1.519	1.519	28	0.207
2370005-6	|	64	64	293	|	115	3.254	|	0.557	1.811	1.811	64	0.218
2370005-7	|	40	40	185	|	68	3.254	|	0.588	1.914	1.914	40	0.216
2370005-8	|	58	58	284	|	110	3.254	|	0.527	1.716	1.716	58	0.204
2370005-9	|	37	37	147	|	53	3.254	|	0.698	2.272	2.272	37	0.252
2370005-10	|	50	50	228	|	82	3.254	|	0.61	1.984	1.984	50	0.219
2370005-11	|	30	30	130	|	38	3.254	|	0.789	2.569	2.569	30	0.231
2370005-12	|	56	56	225	|	76	3.254	|	0.737	2.398	2.398	56	0.249
2370005-13	|	31	31	140	|	41	3.254	|	0.756	2.461	2.461	31	0.221
2370005-14	|	60	60	268	|	103	3.254	|	0.583	1.896	1.896	60	0.224
2370005-15	|	30	30	138	|	58	3.254	|	0.517	1.683	1.683	30	0.217
2370005-16	|	47	47	257	|	100	3.254	|	0.47	1.53	1.530	47	0.183
2370005-17	|	31	31	137	|	50	3.254	|	0.62	2.018	2.018	31	0.226
2370005-18	|	106	106	498	|	201	3.254	|	0.527	1.716	1.716	106	0.213
2370005-19	|	146	146	677	|	265	3.254	|	0.551	1.793	1.793	146	0.216
2370005-20	|	115	115	561	|	230	3.254	|	0.5	1.627	1.627	115	0.205
2370005-21	|	177	177	784	|	316	3.254	|	0.56	1.823	1.823	177	0.226
2370005-22	|	124	124	566	|	228	3.254	|	0.544	1.77	1.770	124	0.219
2370005-23	|	161	161	756	|	306	3.254	|	0.526	1.712	1.712	161	0.213
2370005-24	|	111	111	545	|	223	3.254	|	0.498	1.62	1.620	111	0.204
2370005-25	|	150	150	742	|	295	3.254	|	0.508	1.655	1.655	150	0.202
2370005-26	|	81	81	340	|	129	3.254	|	0.628	2.044	2.044	81	0.238
2370005-27	|	91	91	411	|	153	3.254	|	0.595	1.936	1.936	91	0.221
2370005-28	|	57	57	354	|	156	3.254	|	0.365	1.189	1.189	57	0.161
2370005-29	|	40	40	190	|	78	3.254	|	0.513	1.669	1.669	40	0.211
2370005-30	|	54	54	314	|	147	3.254	|	0.367	1.196	1.196	54	0.172
2370005-31	|	39	39	156	|	66	3.254	|	0.591	1.923	1.923	39	0.25
2370005-32	|	45	45	248	|	109	3.254	|	0.413	1.344	1.344	45	0.181
2370005-33	|	27	27	139	|	61	3.254	|	0.443	1.441	1.441	27	0.194
2370005-34	|	61	61	396	|	191	3.254	|	0.319	1.039	1.039	61	0.154
2370005-35	|	39	39	213	|	98	3.254	|	0.398	1.295	1.295	39	0.183
2370005-36	|	57	56	321	|	142	3.254	|	0.401	1.306	1.283	56	0.178
2370005-37	|	25	24	146	|	70	3.254	|	0.357	1.162	1.116	24	0.171
2370005-38	|	60	60	385	|	164	3.254	|	0.366	1.191	1.191	60	0.156
2370005-39	|	37	37	226	|	97	3.254	|	0.381	1.241	1.241	37	0.164
2370005-40	|	61	61	369	|	160	3.254	|	0.381	1.241	1.241	61	0.165
2370005-41	|	29	28	192	|	68	3.254	|	0.426	1.388	1.340	28	0.151
2370005-42	|	54	54	349	|	154	3.254	|	0.351	1.141	1.141	54	0.155
2370005-43	|	30	30	167	|	73	3.254	|	0.411	1.337	1.337	30	0.18
2370005-44	|	52	51	309	|	136	3.254	|	0.382	1.244	1.220	51	0.168
2370005-45	|	26	26	149	|	72	3.254	|	0.361	1.175	1.175	26	0.174
2370005-46	|	120	120	803	|	342	3.254	|	0.351	1.142	1.142	120	0.149
2370005-47	|	173	173	1059	|	424	3.254	|	0.408	1.328	1.328	173	0.163
2370005-48	|	119	119	748	|	330	3.254	|	0.361	1.174	1.174	119	0.159
2370005-49	|	186	186	992	|	420	3.254	|	0.443	1.441	1.441	186	0.188
2370005-50	|	110	110	739	|	319	3.254	|	0.345	1.122	1.122	110	0.149
2370005-51	|	147	147	940	|	408	3.254	|	0.36	1.173	1.173	147	0.156
2370005-52	|	120	120	784	|	323	3.254	|	0.372	1.209	1.209	120	0.153
2370005-53	|	157	157	1001	|	401	3.254	|	0.392	1.274	1.274	157	0.157
2370005-54	|	93	93	652	|	282	3.254	|	0.33	1.073	1.073	93	0.143
2370005-55	|	113	113	756	|	302	3.254	|	0.374	1.218	1.218	113	0.149
2370005-56	|	57	57	238	|	99	3.254	|	0.576	1.874	1.874	57	0.239
2370005-57	|	41	41	167	|	70	3.254	|	0.586	1.906	1.906	41	0.246
2370005-58	|	56	56	238	|	96	3.254	|	0.583	1.898	1.898	56	0.235
2370005-59	|	39	39	197	|	83	3.254	|	0.47	1.529	1.529	39	0.198
2370005-60	|	50	50	202	|	86	3.254	|	0.581	1.892	1.892	50	0.248
2370005-61	|	40	40	148	|	67	3.254	|	0.597	1.943	1.943	40	0.27
2370005-62	|	62	62	233	|	88	3.254	|	0.705	2.293	2.293	62	0.266
2370005-63	|	40	40	135	|	50	3.254	|	0.8	2.604	2.604	40	0.296
2370005-64	|	55	55	232	|	101	3.254	|	0.545	1.772	1.772	55	0.237
2370005-65	|	31	31	138	|	60	3.254	|	0.517	1.681	1.681	31	0.225
2370005-66	|	43	43	192	|	71	3.254	|	0.606	1.971	1.971	43	0.224
2370005-67	|	40	40	138	|	48	3.254	|	0.833	2.712	2.712	40	0.29
2370005-68	|	40	40	178	|	76	3.254	|	0.526	1.713	1.713	40	0.225
2370005-69	|	33	33	146	|	54	3.254	|	0.611	1.989	1.989	33	0.226
2370005-70	|	57	57	203	|	83	3.254	|	0.687	2.235	2.235	57	0.281
2370005-71	|	33	33	125	|	46	3.254	|	0.717	2.335	2.335	33	0.264
2370005-72	|	45	45	201	|	89	3.254	|	0.506	1.646	1.646	45	0.224
2370005-73	|	32	32	111	|	45	3.254	|	0.711	2.314	2.314	32	0.288
2370005-74	|	88	88	397	|	162	3.254	|	0.543	1.768	1.768	88	0.222
2370005-75	|	151	151	642	|	261	3.254	|	0.579	1.883	1.883	151	0.235
2370005-76	|	98	98	427	|	183	3.254	|	0.536	1.743	1.743	98	0.23
2370005-77	|	170	170	725	|	310	3.254	|	0.548	1.785	1.785	170	0.234
2370005-78	|	96	96	430	|	180	3.254	|	0.533	1.736	1.736	96	0.223
2370005-79	|	159	159	693	|	283	3.254	|	0.562	1.828	1.828	159	0.229
2370005-80	|	89	89	414	|	175	3.254	|	0.509	1.655	1.655	89	0.215
2370005-81	|	152	152	644	|	262	3.254	|	0.58	1.888	1.888	152	0.236
2370005-82	|	59	59	281	|	127	3.254	|	0.465	1.512	1.512	59	0.21
2370005-83	|	89	89	385	|	155	3.254	|	0.574	1.869	1.869	89	0.231
2370005-84	|	37	37	285	|	101	3.254	|	0.366	1.192	1.192	37	0.13
2370005-85	|	16	16	135	|	45	3.254	|	0.356	1.157	1.157	16	0.119
2370005-86	|	28	28	260	|	98	3.254	|	0.286	0.93	0.930	28	0.108
2370005-87	|	12	12	117	|	50	3.254	|	0.24	0.781	0.781	12	0.103
2370005-88	|	30	30	260	|	86	3.254	|	0.349	1.135	1.135	30	0.115
2370005-89	|	9	9	103	|	36	3.254	|	0.25	0.814	0.814	9	0.087
2370005-90	|	35	35	264	|	101	3.254	|	0.347	1.128	1.128	35	0.133
2370005-91	|	13	13	132	|	50	3.254	|	0.26	0.846	0.846	13	0.098
2370005-92	|	29	29	260	|	88	3.254	|	0.33	1.072	1.072	29	0.112
2370005-93	|	7	7	98	|	36	3.254	|	0.194	0.633	0.633	7	0.071
2370005-94	|	20	20	196	|	82	3.254	|	0.244	0.794	0.794	20	0.102
2370005-95	|	8	8	80	|	29	3.254	|	0.276	0.898	0.898	8	0.1
2370005-96	|	21	21	231	|	84	3.254	|	0.25	0.814	0.814	21	0.091
2370005-97	|	6	6	99	|	36	3.254	|	0.167	0.542	0.542	6	0.061
2370005-98	|	26	26	218	|	80	3.254	|	0.325	1.058	1.058	26	0.119
2370005-99	|	12	12	93	|	34	3.254	|	0.353	1.149	1.149	12	0.129
2370005-100	|	27	27	235	|	80	3.254	|	0.338	1.098	1.098	27	0.115
2370005-101	|	3	3	86	|	31	3.254	|	0.097	0.315	0.315	3	0.035
2370005-102	|	59	59	506	|	197	3.254	|	0.299	0.975	0.975	59	0.117
2370005-103	|	46	46	477	|	196	3.254	|	0.235	0.764	0.764	46	0.096
2370005-104	|	78	78	601	|	241	3.254	|	0.324	1.053	1.053	78	0.13
2370005-105	|	72	72	687	|	292	3.254	|	0.247	0.802	0.802	72	0.105
2370005-106	|	78	78	602	|	231	3.254	|	0.338	1.099	1.099	78	0.13
2370005-107	|	68	68	637	|	249	3.254	|	0.273	0.889	0.889	68	0.107
2370005-108	|	69	69	550	|	215	3.254	|	0.321	1.044	1.044	69	0.125
2370005-109	|	59	59	520	|	201	3.254	|	0.294	0.955	0.955	59	0.113
2370005-110	|	39	39	349	|	137	3.254	|	0.285	0.926	0.926	39	0.112
2370005-111	|	35	35	320	|	118	3.254	|	0.297	0.965	0.965	35	0.109
2370005-112	|	76	75	281	|	100	3.254	|	0.76	2.473	2.441	75	0.27
2370005-113	|	49	49	173	|	53	3.254	|	0.925	3.009	3.009	49	0.283
2370005-114	|	72	72	319	|	132	3.254	|	0.545	1.775	1.775	72	0.226
2370005-115	|	47	47	226	|	87	3.254	|	0.54	1.758	1.758	47	0.208
2370005-116	|	68	67	254	|	88	3.254	|	0.773	2.515	2.478	67	0.268
2370005-117	|	43	43	136	|	45	3.254	|	0.956	3.11	3.110	43	0.316
2370005-118	|	66	66	246	|	78	3.254	|	0.846	2.754	2.754	66	0.268
2370005-119	|	41	41	137	|	46	3.254	|	0.891	2.901	2.901	41	0.299
2370005-120	|	68	68	253	|	90	3.254	|	0.756	2.459	2.459	68	0.269
2370005-121	|	35	35	124	|	44	3.254	|	0.795	2.589	2.589	35	0.282
2370005-122	|	64	64	253	|	101	3.254	|	0.634	2.062	2.062	64	0.253
2370005-123	|	41	41	155	|	64	3.254	|	0.641	2.085	2.085	41	0.265
2370005-124	|	58	58	244	|	87	3.254	|	0.667	2.17	2.170	58	0.238
2370005-125	|	32	32	130	|	41	3.254	|	0.78	2.54	2.540	32	0.246
2370005-126	|	74	74	278	|	101	3.254	|	0.733	2.384	2.384	74	0.266
2370005-127	|	46	46	159	|	58	3.254	|	0.793	2.581	2.581	46	0.289
2370005-128	|	62	62	265	|	95	3.254	|	0.653	2.124	2.124	62	0.234
2370005-129	|	38	38	146	|	53	3.254	|	0.717	2.333	2.333	38	0.26
2370005-130	|	134	134	554	|	208	3.254	|	0.644	2.097	2.097	134	0.242
2370005-131	|	192	192	814	|	317	3.254	|	0.606	1.971	1.971	192	0.236
2370005-132	|	140	140	580	|	220	3.254	|	0.636	2.071	2.071	140	0.241
2370005-133	|	210	210	863	|	329	3.254	|	0.638	2.077	2.077	210	0.243
2370005-134	|	132	132	553	|	199	3.254	|	0.663	2.159	2.159	132	0.239
2370005-135	|	175	175	801	|	292	3.254	|	0.599	1.95	1.950	175	0.218
2370005-136	|	132	132	550	|	204	3.254	|	0.647	2.106	2.106	132	0.24
2370005-137	|	167	166	787	|	311	3.254	|	0.537	1.748	1.737	166	0.212
2370005-138	|	97	97	384	|	144	3.254	|	0.674	2.192	2.192	97	0.253
2370005-139	|	121	121	510	|	199	3.254	|	0.608	1.979	1.979	121	0.237
2370005-140	|	54	54	200	|	76	3.254	|	0.711	2.312	2.312	54	0.27
2370005-141	|	38	38	150	|	62	3.254	|	0.613	1.995	1.995	38	0.253
2370005-142	|	60	60	234	|	79	3.254	|	0.759	2.472	2.472	60	0.256
2370005-143	|	31	31	177	|	72	3.254	|	0.431	1.401	1.401	31	0.175
2370005-144	|	41	41	200	|	81	3.254	|	0.506	1.647	1.647	41	0.205
2370005-145	|	32	32	133	|	55	3.254	|	0.582	1.894	1.894	32	0.241
2370005-146	|	41	41	164	|	73	3.254	|	0.562	1.828	1.828	41	0.25
2370005-147	|	30	30	125	|	56	3.254	|	0.536	1.743	1.743	30	0.24
2370005-148	|	48	48	201	|	84	3.254	|	0.571	1.86	1.860	48	0.239
2370005-149	|	28	28	140	|	60	3.254	|	0.467	1.519	1.519	28	0.2
2370005-150	|	47	47	177	|	69	3.254	|	0.681	2.217	2.217	47	0.266
2370005-151	|	34	34	123	|	44	3.254	|	0.773	2.515	2.515	34	0.276
2370005-152	|	42	42	152	|	52	3.254	|	0.808	2.629	2.629	42	0.276
2370005-153	|	30	30	117	|	45	3.254	|	0.667	2.17	2.170	30	0.256
2370005-154	|	50	50	191	|	78	3.254	|	0.641	2.086	2.086	50	0.262
2370005-155	|	26	26	113	|	47	3.254	|	0.553	1.8	1.800	26	0.23
2370005-156	|	39	39	173	|	66	3.254	|	0.591	1.923	1.923	39	0.225
2370005-157	|	29	29	112	|	39	3.254	|	0.744	2.42	2.420	29	0.259
2370005-158	|	80	80	347	|	139	3.254	|	0.576	1.873	1.873	80	0.231
2370005-159	|	138	138	608	|	253	3.254	|	0.545	1.775	1.775	138	0.227
2370005-160	|	93	93	384	|	150	3.254	|	0.62	2.018	2.018	93	0.242
2370005-161	|	150	150	684	|	288	3.254	|	0.521	1.695	1.695	150	0.219
2370005-162	|	90	90	390	|	153	3.254	|	0.588	1.914	1.914	90	0.231
2370005-163	|	137	137	651	|	270	3.254	|	0.507	1.651	1.651	137	0.21
2370005-164	|	85	85	359	|	144	3.254	|	0.59	1.921	1.921	85	0.237
2370005-165	|	135	135	581	|	235	3.254	|	0.574	1.87	1.870	135	0.232
2370005-166	|	56	56	248	|	102	3.254	|	0.549	1.787	1.787	56	0.226
2370005-167	|	81	81	361	|	147	3.254	|	0.551	1.793	1.793	81	0.224
2370005-168	|	45	44	240	|	107	3.254	|	0.421	1.369	1.338	44	0.188
2370005-169	|	26	26	135	|	57	3.254	|	0.456	1.484	1.484	26	0.193
2370005-170	|	62	62	358	|	149	3.254	|	0.416	1.354	1.354	62	0.173
2370005-171	|	39	39	226	|	83	3.254	|	0.47	1.529	1.529	39	0.173
2370005-172	|	43	42	228	|	103	3.254	|	0.417	1.359	1.327	42	0.189
2370005-173	|	19	19	107	|	54	3.254	|	0.352	1.145	1.145	19	0.178
2370005-174	|	35	35	161	|	65	3.254	|	0.538	1.752	1.752	35	0.217
2370005-175	|	9	9	81	|	38	3.254	|	0.237	0.771	0.771	9	0.111
2370005-176	|	56	54	307	|	126	3.254	|	0.444	1.446	1.395	54	0.182
2370005-177	|	33	33	143	|	50	3.254	|	0.66	2.148	2.148	33	0.231
2370005-178	|	42	41	243	|	99	3.254	|	0.424	1.381	1.348	41	0.173
2370005-179	|	18	17	110	|	45	3.254	|	0.4	1.302	1.229	17	0.164
2370005-180	|	63	63	321	|	122	3.254	|	0.516	1.681	1.681	63	0.196
2370005-181	|	42	42	195	|	72	3.254	|	0.583	1.898	1.898	42	0.215
2370005-182	|	56	56	261	|	111	3.254	|	0.505	1.642	1.642	56	0.215
2370005-183	|	31	31	135	|	59	3.254	|	0.525	1.71	1.710	31	0.23
2370005-184	|	34	34	233	|	96	3.254	|	0.354	1.153	1.153	34	0.146
2370005-185	|	22	22	117	|	52	3.254	|	0.423	1.377	1.377	22	0.188
2370005-186	|	114	114	665	|	273	3.254	|	0.418	1.359	1.359	114	0.171
2370005-187	|	170	170	1010	|	414	3.254	|	0.411	1.336	1.336	170	0.168
2370005-188	|	109	109	601	|	245	3.254	|	0.445	1.448	1.448	109	0.181
2370005-189	|	165	165	872	|	360	3.254	|	0.458	1.492	1.492	165	0.189
2370005-190	|	102	102	584	|	249	3.254	|	0.41	1.333	1.333	102	0.175
2370005-191	|	141	141	792	|	347	3.254	|	0.406	1.322	1.322	141	0.178
2370005-192	|	116	116	647	|	256	3.254	|	0.453	1.475	1.475	116	0.179
2370005-193	|	157	157	931	|	384	3.254	|	0.409	1.331	1.331	157	0.169
2370005-194	|	93	93	537	|	223	3.254	|	0.417	1.357	1.357	93	0.173
2370005-195	|	121	119	695	|	280	3.254	|	0.432	1.406	1.383	119	0.174
2370005-196	|	46	46	235	|	103	3.254	|	0.447	1.453	1.453	46	0.196
2370005-197	|	25	25	117	|	50	3.254	|	0.5	1.627	1.627	25	0.214
2370005-198	|	75	75	303	|	118	3.254	|	0.636	2.069	2.069	75	0.248
2370005-199	|	48	48	183	|	66	3.254	|	0.727	2.367	2.367	48	0.262
2370005-200	|	44	44	212	|	92	3.254	|	0.478	1.556	1.556	44	0.208
2370005-201	|	25	25	113	|	49	3.254	|	0.51	1.66	1.660	25	0.221
2370005-202	|	41	41	197	|	89	3.254	|	0.461	1.499	1.499	41	0.208
2370005-203	|	23	23	116	|	54	3.254	|	0.426	1.386	1.386	23	0.198
2370005-204	|	59	59	264	|	114	3.254	|	0.518	1.684	1.684	59	0.223
2370005-205	|	37	37	153	|	64	3.254	|	0.578	1.881	1.881	37	0.242
2370005-206	|	56	56	226	|	87	3.254	|	0.644	2.095	2.095	56	0.248
2370005-207	|	26	26	102	|	34	3.254	|	0.765	2.489	2.489	26	0.255
2370005-208	|	69	69	305	|	125	3.254	|	0.552	1.796	1.796	69	0.226
2370005-209	|	48	48	207	|	86	3.254	|	0.558	1.816	1.816	48	0.232
2370005-210	|	52	52	257	|	111	3.254	|	0.468	1.525	1.525	52	0.202
2370005-211	|	24	24	147	|	72	3.254	|	0.333	1.085	1.085	24	0.163
2370005-212	|	53	52	214	|	85	3.254	|	0.624	2.029	1.991	52	0.248
2370005-213	|	24	24	98	|	36	3.254	|	0.667	2.17	2.170	24	0.245
2370005-214	|	143	143	618	|	255	3.254	|	0.561	1.825	1.825	143	0.231
2370005-215	|	216	216	979	|	411	3.254	|	0.526	1.71	1.710	216	0.221
2370005-216	|	139	139	617	|	249	3.254	|	0.558	1.817	1.817	139	0.225
2370005-217	|	211	211	958	|	401	3.254	|	0.526	1.712	1.712	211	0.22
2370005-218	|	136	136	584	|	239	3.254	|	0.569	1.852	1.852	136	0.233
2370005-219	|	196	196	836	|	340	3.254	|	0.576	1.876	1.876	196	0.234
2370005-220	|	131	131	583	|	234	3.254	|	0.56	1.822	1.822	131	0.225
2370005-221	|	200	200	868	|	355	3.254	|	0.563	1.834	1.834	200	0.23
2370005-222	|	132	132	540	|	213	3.254	|	0.62	2.017	2.017	132	0.244
2370005-223	|	167	167	717	|	285	3.254	|	0.586	1.907	1.907	167	0.233
2370005-224	|	46	46	229	|	87	3.254	|	0.529	1.721	1.721	46	0.201
2370005-225	|	31	31	156	|	60	3.254	|	0.517	1.681	1.681	31	0.199
2370005-226	|	55	54	246	|	101	3.254	|	0.545	1.772	1.740	54	0.224
2370005-227	|	46	46	202	|	72	3.254	|	0.639	2.079	2.079	46	0.228
2370005-228	|	46	46	199	|	82	3.254	|	0.561	1.826	1.826	46	0.231
2370005-229	|	35	35	118	|	43	3.254	|	0.814	2.649	2.649	35	0.297
2370005-230	|	35	35	148	|	53	3.254	|	0.66	2.149	2.149	35	0.236
2370005-231	|	23	23	107	|	37	3.254	|	0.622	2.023	2.023	23	0.215
2370005-232	|	57	57	260	|	100	3.254	|	0.57	1.855	1.855	57	0.219
2370005-233	|	46	46	176	|	62	3.254	|	0.742	2.415	2.415	46	0.261
2370005-234	|	50	50	216	|	89	3.254	|	0.562	1.828	1.828	50	0.231
2370005-235	|	29	29	127	|	50	3.254	|	0.58	1.888	1.888	29	0.228
2370005-236	|	49	49	214	|	85	3.254	|	0.576	1.876	1.876	49	0.229
2370005-237	|	38	38	151	|	61	3.254	|	0.623	2.027	2.027	38	0.252
2370005-238	|	51	50	232	|	92	3.254	|	0.554	1.804	1.769	50	0.22
2370005-239	|	40	40	152	|	47	3.254	|	0.851	2.77	2.770	40	0.263
2370005-240	|	39	38	207	|	87	3.254	|	0.448	1.459	1.421	38	0.188
2370005-241	|	24	24	111	|	44	3.254	|	0.545	1.775	1.775	24	0.216
2370005-242	|	94	93	447	|	182	3.254	|	0.516	1.681	1.663	93	0.21
2370005-243	|	173	173	730	|	257	3.254	|	0.673	2.191	2.191	173	0.237
2370005-244	|	110	109	488	|	197	3.254	|	0.558	1.817	1.801	109	0.225
2370005-245	|	194	194	786	|	282	3.254	|	0.688	2.239	2.239	194	0.247
2370005-246	|	104	103	466	|	185	3.254	|	0.562	1.83	1.812	103	0.223
2370005-247	|	164	164	756	|	284	3.254	|	0.577	1.879	1.879	164	0.217
2370005-248	|	103	102	463	|	188	3.254	|	0.548	1.783	1.766	102	0.222
2370005-249	|	159	159	688	|	240	3.254	|	0.662	2.156	2.156	159	0.231
2370005-250	|	71	71	329	|	129	3.254	|	0.55	1.791	1.791	71	0.216
2370005-251	|	117	117	481	|	166	3.254	|	0.705	2.294	2.294	117	0.243
2370005-252	|	39	39	187	|	80	3.254	|	0.487	1.587	1.587	39	0.209
2370005-253	|	25	25	130	|	63	3.254	|	0.397	1.291	1.291	25	0.192
2370005-254	|	44	42	213	|	91	3.254	|	0.484	1.574	1.502	42	0.207
2370005-255	|	27	27	158	|	68	3.254	|	0.397	1.292	1.292	27	0.171
2370005-256	|	39	39	178	|	73	3.254	|	0.534	1.739	1.739	39	0.219
2370005-257	|	28	28	119	|	48	3.254	|	0.583	1.898	1.898	28	0.235
2370005-258	|	48	48	161	|	65	3.254	|	0.738	2.403	2.403	48	0.298
2370005-259	|	31	31	120	|	49	3.254	|	0.633	2.059	2.059	31	0.258
2370005-260	|	51	51	189	|	67	3.254	|	0.761	2.477	2.477	51	0.27
2370005-261	|	37	37	147	|	56	3.254	|	0.661	2.15	2.150	37	0.252
2370005-262	|	37	37	182	|	76	3.254	|	0.487	1.584	1.584	37	0.203
2370005-263	|	22	22	107	|	43	3.254	|	0.512	1.665	1.665	22	0.206
2370005-264	|	36	36	171	|	69	3.254	|	0.522	1.698	1.698	36	0.211
2370005-265	|	26	26	111	|	43	3.254	|	0.605	1.968	1.968	26	0.234
2370005-266	|	43	43	160	|	62	3.254	|	0.694	2.257	2.257	43	0.269
2370005-267	|	23	23	118	|	47	3.254	|	0.489	1.593	1.593	23	0.195
2370005-268	|	41	39	179	|	70	3.254	|	0.586	1.906	1.813	39	0.229
2370005-269	|	25	25	115	|	50	3.254	|	0.5	1.627	1.627	25	0.217
2370005-270	|	72	72	352	|	144	3.254	|	0.5	1.627	1.627	72	0.205
2370005-271	|	145	145	633	|	266	3.254	|	0.545	1.774	1.774	145	0.229
2370005-272	|	91	91	388	|	155	3.254	|	0.587	1.911	1.911	91	0.235
2370005-273	|	170	170	706	|	289	3.254	|	0.588	1.914	1.914	170	0.241
2370005-274	|	80	80	396	|	163	3.254	|	0.491	1.597	1.597	80	0.202
2370005-275	|	141	141	650	|	271	3.254	|	0.52	1.693	1.693	141	0.217
2370005-276	|	77	77	356	|	148	3.254	|	0.52	1.693	1.693	77	0.216
2370005-277	|	148	148	612	|	256	3.254	|	0.578	1.881	1.881	148	0.242
2370005-278	|	60	60	253	|	107	3.254	|	0.561	1.825	1.825	60	0.237
2370005-279	|	90	90	355	|	146	3.254	|	0.616	2.006	2.006	90	0.254
2370005-280	|	279	279	1811	|	729	3.254	|	0.383	1.246	1.246	279	0.154
2370005-281	|	83	83	506	|	207	3.254	|	0.401	1.305	1.305	83	0.164
2370005-282	|	358	358	2482	|	968	3.254	|	0.37	1.204	1.204	358	0.144
2370005-283	|	113	113	836	|	331	3.254	|	0.341	1.111	1.111	113	0.135
2370005-284	|	272	271	1668	|	669	3.254	|	0.407	1.323	1.318	271	0.163
2370005-285	|	77	76	436	|	186	3.254	|	0.414	1.347	1.330	76	0.177
2370005-286	|	215	215	1315	|	515	3.254	|	0.417	1.359	1.359	215	0.163
2370005-287	|	70	70	375	|	162	3.254	|	0.432	1.406	1.406	70	0.187
2370005-288	|	308	307	2114	|	841	3.254	|	0.366	1.192	1.188	307	0.146
2370005-289	|	86	86	605	|	240	3.254	|	0.358	1.166	1.166	86	0.142
2370005-290	|	241	240	1616	|	676	3.254	|	0.357	1.16	1.155	240	0.149
2370005-291	|	61	61	395	|	172	3.254	|	0.355	1.154	1.154	61	0.154
2370005-292	|	329	329	2450	|	987	3.254	|	0.333	1.085	1.085	329	0.134
2370005-293	|	107	107	812	|	319	3.254	|	0.335	1.092	1.092	107	0.132
2370005-294	|	342	342	2305	|	869	3.254	|	0.394	1.281	1.281	342	0.148
2370005-295	|	111	111	765	|	296	3.254	|	0.375	1.22	1.220	111	0.145
2370005-296	|	295	295	1890	|	767	3.254	|	0.385	1.252	1.252	295	0.156
2370005-297	|	74	73	481	|	211	3.254	|	0.351	1.141	1.126	73	0.154
2370005-298	|	264	264	1659	|	662	3.254	|	0.399	1.298	1.298	264	0.159
2370005-299	|	66	66	403	|	164	3.254	|	0.402	1.31	1.310	66	0.164
2370005-300	|	714	713	2874	|	1143	3.254	|	0.625	2.033	2.030	713	0.248
2370005-301	|	560	559	1069	|	421	3.254	|	1.33	4.329	4.321	559	0.524
2370005-302	|	662	661	2963	|	1186	3.254	|	0.558	1.817	1.814	661	0.223
2370005-303	|	487	486	1431	|	568	3.254	|	0.857	2.79	2.785	486	0.34
2370005-304	|	686	685	2992	|	1203	3.254	|	0.57	1.856	1.853	685	0.229
2370005-305	|	521	521	1227	|	487	3.254	|	1.07	3.482	3.482	521	0.425
2370005-306	|	595	595	2791	|	1094	3.254	|	0.544	1.77	1.770	595	0.213
2370005-307	|	390	390	1241	|	502	3.254	|	0.777	2.528	2.528	390	0.314
2370005-308	|	600	600	1950	|	1350	3.254	|	0.444	1.446	1.446	600	0.308
2370005-309	|	169	169	556	|	387	3.254	|	0.437	1.421	1.421	169	0.304
2370005-310	|	711	711	2303	|	1592	3.254	|	0.447	1.453	1.453	711	0.309
2370005-311	|	240	240	755	|	515	3.254	|	0.466	1.517	1.517	240	0.318
2370005-312	|	563	563	1804	|	1241	3.254	|	0.454	1.476	1.476	563	0.312
2370005-313	|	156	156	459	|	303	3.254	|	0.515	1.676	1.676	156	0.34
2370005-314	|	513	513	1716	|	1203	3.254	|	0.426	1.388	1.388	513	0.299
2370005-315	|	146	146	538	|	392	3.254	|	0.372	1.212	1.212	146	0.271
2370005-316	|	618	618	2098	|	1480	3.254	|	0.418	1.359	1.359	618	0.295
2370005-317	|	190	190	609	|	419	3.254	|	0.453	1.476	1.476	190	0.312
2370005-318	|	579	579	1860	|	1281	3.254	|	0.452	1.471	1.471	579	0.311
2370005-319	|	130	130	449	|	319	3.254	|	0.408	1.326	1.326	130	0.29
2370005-320	|	608	608	2106	|	1498	3.254	|	0.406	1.321	1.321	608	0.289
2370005-321	|	202	202	666	|	464	3.254	|	0.435	1.417	1.417	202	0.303
2370005-322	|	694	694	2301	|	1607	3.254	|	0.432	1.405	1.405	694	0.302
2370005-323	|	224	221	744	|	520	3.254	|	0.431	1.402	1.383	221	0.301
2370005-324	|	632	632	2025	|	1393	3.254	|	0.454	1.477	1.477	632	0.312
2370005-325	|	190	189	574	|	384	3.254	|	0.495	1.61	1.602	189	0.331
2370005-326	|	583	583	1855	|	1272	3.254	|	0.458	1.492	1.492	583	0.314
2370005-327	|	143	143	454	|	311	3.254	|	0.46	1.496	1.496	143	0.315
2370005-328	|	1414	1414	2806	|	1977	3.254	|	0.715	2.328	2.328	1414	0.504
2370005-329	|	1061	1061	1035	|	687	3.254	|	1.544	5.026	5.026	1061	1.025
2370005-330	|	1414	1414	2863	|	2014	3.254	|	0.702	2.285	2.285	1414	0.494
2370005-331	|	1021	1021	1106	|	759	3.254	|	1.345	4.378	4.378	1021	0.923
2370005-332	|	1390	1390	2813	|	2014	3.254	|	0.69	2.246	2.246	1390	0.494
2370005-333	|	1004	1004	839	|	573	3.254	|	1.752	5.702	5.702	1004	1.197
2370005-334	|	1182	1182	2527	|	1761	3.254	|	0.671	2.184	2.184	1182	0.468
2370005-335	|	755	755	596	|	403	3.254	|	1.873	6.097	6.097	755	1.267
2370005-336	|	305	305	1770	|	690	3.254	|	0.442	1.439	1.439	305	0.172
2370005-337	|	93	93	503	|	196	3.254	|	0.474	1.544	1.544	93	0.185
2370005-338	|	322	321	2017	|	808	3.254	|	0.399	1.297	1.293	321	0.16
2370005-339	|	127	127	733	|	290	3.254	|	0.438	1.425	1.425	127	0.173
2370005-340	|	246	245	1522	|	590	3.254	|	0.417	1.357	1.351	245	0.162
2370005-341	|	72	71	404	|	162	3.254	|	0.444	1.446	1.426	71	0.178
2370005-342	|	233	233	1478	|	591	3.254	|	0.394	1.283	1.283	233	0.158
2370005-343	|	82	82	470	|	195	3.254	|	0.421	1.369	1.369	82	0.174
2370005-344	|	293	292	1766	|	708	3.254	|	0.414	1.347	1.342	292	0.166
2370005-345	|	97	97	522	|	190	3.254	|	0.511	1.661	1.661	97	0.186
2370005-346	|	248	247	1537	|	597	3.254	|	0.415	1.352	1.346	247	0.161
2370005-347	|	66	66	411	|	156	3.254	|	0.423	1.377	1.377	66	0.161
2370005-348	|	285	285	1841	|	718	3.254	|	0.397	1.292	1.292	285	0.155
2370005-349	|	94	94	586	|	231	3.254	|	0.407	1.324	1.324	94	0.16
2370005-350	|	290	290	1836	|	718	3.254	|	0.404	1.314	1.314	290	0.158
2370005-351	|	91	90	630	|	258	3.254	|	0.353	1.148	1.135	90	0.144
2370005-352	|	278	277	1692	|	676	3.254	|	0.411	1.338	1.334	277	0.164
2370005-353	|	84	84	502	|	199	3.254	|	0.422	1.374	1.374	84	0.167
2370005-354	|	247	247	1572	|	623	3.254	|	0.396	1.29	1.290	247	0.157
2370005-355	|	67	66	414	|	158	3.254	|	0.424	1.38	1.359	66	0.162
2370005-356	|	622	621	3083	|	1197	3.254	|	0.52	1.691	1.688	621	0.202
2370005-357	|	466	465	1266	|	512	3.254	|	0.91	2.962	2.956	465	0.368
2370005-358	|	655	654	2930	|	1164	3.254	|	0.563	1.831	1.829	654	0.224
2370005-359	|	534	534	951	|	379	3.254	|	1.409	4.585	4.585	534	0.562
2370005-360	|	629	628	3044	|	1196	3.254	|	0.526	1.712	1.709	628	0.207
2370005-361	|	463	463	1208	|	479	3.254	|	0.967	3.146	3.146	463	0.383
2370005-362	|	488	488	2725	|	1065	3.254	|	0.458	1.491	1.491	488	0.179
2370005-363	|	304	304	974	|	396	3.254	|	0.768	2.498	2.498	304	0.312
2370005-364	|	285	285	1739	|	674	3.254	|	0.423	1.376	1.376	285	0.164
2370005-365	|	89	89	519	|	202	3.254	|	0.441	1.434	1.434	89	0.171
2370005-366	|	363	363	2228	|	849	3.254	|	0.428	1.391	1.391	363	0.163
2370005-367	|	115	115	773	|	291	3.254	|	0.395	1.286	1.286	115	0.149
2370005-368	|	270	270	1570	|	607	3.254	|	0.445	1.448	1.448	270	0.172
2370005-369	|	90	90	428	|	162	3.254	|	0.556	1.808	1.808	90	0.21
2370005-370	|	230	230	1287	|	512	3.254	|	0.449	1.462	1.462	230	0.179
2370005-371	|	74	74	401	|	171	3.254	|	0.433	1.408	1.408	74	0.185
2370005-372	|	307	306	1867	|	768	3.254	|	0.4	1.301	1.297	306	0.164
2370005-373	|	98	98	569	|	234	3.254	|	0.419	1.363	1.363	98	0.172
2370005-374	|	263	263	1553	|	615	3.254	|	0.428	1.392	1.392	263	0.169
2370005-375	|	64	64	395	|	143	3.254	|	0.448	1.457	1.457	64	0.162
2370005-376	|	316	316	2054	|	799	3.254	|	0.395	1.287	1.287	316	0.154
2370005-377	|	111	111	711	|	268	3.254	|	0.414	1.348	1.348	111	0.156
2370005-378	|	329	329	2018	|	773	3.254	|	0.426	1.385	1.385	329	0.163
2370005-379	|	124	124	705	|	252	3.254	|	0.492	1.601	1.601	124	0.176
2370005-380	|	310	310	1784	|	691	3.254	|	0.449	1.46	1.460	310	0.174
2370005-381	|	92	92	540	|	221	3.254	|	0.416	1.355	1.355	92	0.17
2370005-382	|	251	251	1549	|	627	3.254	|	0.4	1.303	1.303	251	0.162
2370005-383	|	64	64	381	|	162	3.254	|	0.395	1.286	1.286	64	0.168
2370005-384	|	706	705	2934	|	1122	3.254	|	0.629	2.048	2.045	705	0.241
2370005-385	|	567	566	1089	|	397	3.254	|	1.428	4.648	4.640	566	0.521
2370005-386	|	687	686	2871	|	1135	3.254	|	0.605	1.97	1.967	686	0.239
2370005-387	|	555	555	950	|	365	3.254	|	1.521	4.949	4.949	555	0.584
2370005-388	|	672	671	2954	|	1159	3.254	|	0.58	1.887	1.884	671	0.227
2370005-389	|	515	514	1403	|	548	3.254	|	0.94	3.058	3.053	514	0.367
2370005-390	|	581	581	2645	|	1006	3.254	|	0.578	1.88	1.880	581	0.22
2370005-391	|	404	404	909	|	347	3.254	|	1.164	3.789	3.789	404	0.444
2370005-392	|	125	125	1274	|	462	3.254	|	0.271	0.881	0.881	125	0.098
2370005-393	|	25	25	315	|	119	3.254	|	0.21	0.684	0.684	25	0.079
2370005-394	|	222	221	1989	|	745	3.254	|	0.298	0.97	0.965	221	0.112
2370005-395	|	76	76	696	|	268	3.254	|	0.284	0.923	0.923	76	0.109
2370005-396	|	130	130	1199	|	494	3.254	|	0.263	0.856	0.856	130	0.108
2370005-397	|	36	36	270	|	120	3.254	|	0.3	0.976	0.976	36	0.133
2370005-398	|	108	108	985	|	372	3.254	|	0.29	0.945	0.945	108	0.11
2370005-399	|	28	28	275	|	98	3.254	|	0.286	0.93	0.930	28	0.102
2370005-400	|	157	156	1458	|	578	3.254	|	0.272	0.884	0.878	156	0.108
2370005-401	|	46	46	423	|	177	3.254	|	0.26	0.846	0.846	46	0.109
2370005-402	|	133	133	1128	|	431	3.254	|	0.309	1.004	1.004	133	0.118
2370005-403	|	33	32	267	|	104	3.254	|	0.317	1.033	1.001	32	0.124
2370005-404	|	184	183	1838	|	684	3.254	|	0.269	0.875	0.871	183	0.1
2370005-405	|	63	63	623	|	224	3.254	|	0.281	0.915	0.915	63	0.101
2370005-406	|	206	206	1867	|	684	3.254	|	0.301	0.98	0.980	206	0.11
2370005-407	|	71	71	707	|	257	3.254	|	0.276	0.899	0.899	71	0.1
2370005-408	|	174	174	1483	|	544	3.254	|	0.32	1.041	1.041	174	0.117
2370005-409	|	45	45	349	|	131	3.254	|	0.344	1.118	1.118	45	0.129
2370005-410	|	116	116	1060	|	423	3.254	|	0.274	0.892	0.892	116	0.109
2370005-411	|	29	29	242	|	106	3.254	|	0.274	0.89	0.890	29	0.12
2370005-412	|	416	415	2597	|	970	3.254	|	0.429	1.396	1.392	415	0.16
2370005-413	|	323	322	1096	|	395	3.254	|	0.818	2.661	2.653	322	0.295
2370005-414	|	443	442	2485	|	915	3.254	|	0.484	1.576	1.572	442	0.178
2370005-415	|	351	350	847	|	313	3.254	|	1.121	3.65	3.639	350	0.414
2370005-416	|	387	386	2466	|	932	3.254	|	0.415	1.351	1.348	386	0.157
2370005-417	|	291	290	1180	|	438	3.254	|	0.664	2.162	2.155	290	0.247
2370005-418	|	414	413	2559	|	976	3.254	|	0.424	1.38	1.377	413	0.162
2370005-419	|	324	323	1052	|	387	3.254	|	0.837	2.725	2.716	323	0.308
